marker_count	marker	total_combinations	zero_count	min_one_count	min_two_count
67	snpSB00158	205120	439	204681	203792
67	snpSB00324	205120	433	204687	203837
67	snpSB00369	205120	459	204661	203847
67	snpSB00364	205120	444	204676	203860
67	snpSB00388	205120	440	204680	203877
67	snpSB00106	205120	458	204662	203878
67	snpSB00321	205120	415	204705	203923
67	snpSB00323	205120	424	204696	203923
67	snpSB00313	205120	453	204667	203925
67	snpSB00164	205120	412	204708	203928
67	snpSB00143	205120	406	204714	203961
67	snpSB00348	205120	415	204705	203961
67	snpSB00110	205120	417	204703	203962
67	snpSB00359	205120	440	204680	203962
67	snpSB00366	205120	415	204705	203965
67	snpSB00320	205120	418	204702	203967
67	snpSB00365	205120	412	204708	203972
67	snpSB00361	205120	414	204706	203974
67	snpSB00382	205120	409	204711	203978
67	snpSB00368	205120	416	204704	203983
67	snpSB00327	205120	416	204704	203984
67	snpSB00387	205120	409	204711	203984
67	snpSB00332	205120	438	204682	203985
67	snpSB00372	205120	406	204714	203985
67	snpSB00318	205120	414	204706	203986
67	snpSB00371	205120	411	204709	203988
67	snpSB00314	205120	409	204711	203990
67	snpSB00362	205120	414	204706	203992
67	snpSB00335	205120	416	204704	203997
67	snpSB00109	205120	403	204717	203998
67	snpSB00325	205120	401	204719	203998
67	snpSB00315	205120	405	204715	204001
67	snpSB00370	205120	405	204715	204002
67	snpSB00338	205120	404	204716	204003
67	snpSB00347	205120	404	204716	204006
67	snpSB00341	205120	404	204716	204007
67	snpSB00389	205120	401	204719	204009
67	snpSB00326	205120	401	204719	204013
67	snpSB00328	205120	407	204713	204013
67	snpSB00357	205120	403	204717	204014
67	snpSB00319	205120	404	204716	204015
67	snpSB00312	205120	402	204718	204017
67	snpSB00345	205120	419	204701	204017
67	snpSB00305	205120	401	204719	204018
67	snpSB00363	205120	402	204718	204019
67	snpSB00284	205120	401	204719	204021
67	snpSB00146	205120	401	204719	204021
67	snpSB00384	205120	401	204719	204021
67	snpSB00144	205120	401	204719	204022
67	snpSB00317	205120	401	204719	204022
67	snpSB00330	205120	401	204719	204023
67	snpSB00358	205120	401	204719	204023
67	snpSB00376	205120	403	204717	204023
67	snpSB00148	205120	401	204719	204024
67	snpSB00169	205120	401	204719	204024
67	snpSB00294	205120	401	204719	204024
67	snpSB00344	205120	401	204719	204024
67	snpSB00343	205120	401	204719	204024
67	snpSB00346	205120	401	204719	204024
67	snpSB00352	205120	401	204719	204024
67	snpSB00351	205120	401	204719	204024
67	snpSB00356	205120	401	204719	204024
67	snpSB00354	205120	401	204719	204024
67	snpSB00360	205120	401	204719	204024
67	snpSB00367	205120	401	204719	204024
67	snpSB00379	205120	401	204719	204024
67	snpSB00383	205120	401	204719	204024
66	snpSB00158	205120	439	204681	203792
66	snpSB00324	205120	433	204687	203837
66	snpSB00369	205120	459	204661	203847
66	snpSB00364	205120	444	204676	203860
66	snpSB00388	205120	440	204680	203877
66	snpSB00106	205120	458	204662	203878
66	snpSB00323	205120	424	204696	203923
66	snpSB00321	205120	415	204705	203923
66	snpSB00313	205120	453	204667	203925
66	snpSB00164	205120	412	204708	203928
66	snpSB00143	205120	406	204714	203961
66	snpSB00348	205120	415	204705	203961
66	snpSB00110	205120	417	204703	203962
66	snpSB00359	205120	440	204680	203962
66	snpSB00366	205120	415	204705	203965
66	snpSB00320	205120	418	204702	203967
66	snpSB00365	205120	412	204708	203972
66	snpSB00361	205120	414	204706	203974
66	snpSB00382	205120	409	204711	203978
66	snpSB00368	205120	416	204704	203983
66	snpSB00327	205120	416	204704	203984
66	snpSB00387	205120	409	204711	203984
66	snpSB00332	205120	438	204682	203985
66	snpSB00372	205120	406	204714	203985
66	snpSB00318	205120	414	204706	203986
66	snpSB00371	205120	411	204709	203988
66	snpSB00314	205120	409	204711	203990
66	snpSB00362	205120	414	204706	203992
66	snpSB00335	205120	416	204704	203997
66	snpSB00109	205120	403	204717	203998
66	snpSB00325	205120	401	204719	203998
66	snpSB00315	205120	405	204715	204001
66	snpSB00370	205120	405	204715	204002
66	snpSB00338	205120	404	204716	204003
66	snpSB00347	205120	404	204716	204006
66	snpSB00341	205120	404	204716	204007
66	snpSB00389	205120	401	204719	204009
66	snpSB00328	205120	407	204713	204013
66	snpSB00326	205120	401	204719	204013
66	snpSB00357	205120	403	204717	204014
66	snpSB00319	205120	404	204716	204015
66	snpSB00312	205120	402	204718	204017
66	snpSB00345	205120	419	204701	204017
66	snpSB00305	205120	401	204719	204018
66	snpSB00363	205120	402	204718	204019
66	snpSB00146	205120	401	204719	204021
66	snpSB00284	205120	401	204719	204021
66	snpSB00384	205120	401	204719	204021
66	snpSB00144	205120	401	204719	204022
66	snpSB00317	205120	401	204719	204022
66	snpSB00330	205120	401	204719	204023
66	snpSB00358	205120	401	204719	204023
66	snpSB00376	205120	403	204717	204023
66	snpSB00169	205120	401	204719	204024
66	snpSB00294	205120	401	204719	204024
66	snpSB00148	205120	401	204719	204024
66	snpSB00352	205120	401	204719	204024
66	snpSB00344	205120	401	204719	204024
66	snpSB00343	205120	401	204719	204024
66	snpSB00346	205120	401	204719	204024
66	snpSB00360	205120	401	204719	204024
66	snpSB00356	205120	401	204719	204024
66	snpSB00351	205120	401	204719	204024
66	snpSB00354	205120	401	204719	204024
66	snpSB00383	205120	401	204719	204024
66	snpSB00379	205120	401	204719	204024
65	snpSB00158	205120	439	204681	203792
65	snpSB00324	205120	433	204687	203837
65	snpSB00369	205120	459	204661	203847
65	snpSB00364	205120	444	204676	203860
65	snpSB00388	205120	440	204680	203877
65	snpSB00106	205120	458	204662	203878
65	snpSB00321	205120	415	204705	203923
65	snpSB00323	205120	424	204696	203923
65	snpSB00313	205120	453	204667	203925
65	snpSB00164	205120	412	204708	203928
65	snpSB00143	205120	406	204714	203961
65	snpSB00348	205120	415	204705	203961
65	snpSB00110	205120	417	204703	203962
65	snpSB00359	205120	440	204680	203962
65	snpSB00366	205120	415	204705	203965
65	snpSB00320	205120	418	204702	203967
65	snpSB00365	205120	412	204708	203972
65	snpSB00361	205120	414	204706	203974
65	snpSB00382	205120	409	204711	203978
65	snpSB00368	205120	416	204704	203983
65	snpSB00327	205120	416	204704	203984
65	snpSB00387	205120	409	204711	203984
65	snpSB00332	205120	438	204682	203985
65	snpSB00372	205120	406	204714	203985
65	snpSB00318	205120	414	204706	203986
65	snpSB00371	205120	411	204709	203988
65	snpSB00314	205120	409	204711	203990
65	snpSB00362	205120	414	204706	203992
65	snpSB00335	205120	416	204704	203997
65	snpSB00109	205120	403	204717	203998
65	snpSB00325	205120	401	204719	203998
65	snpSB00315	205120	405	204715	204001
65	snpSB00370	205120	405	204715	204002
65	snpSB00338	205120	404	204716	204003
65	snpSB00347	205120	404	204716	204006
65	snpSB00341	205120	404	204716	204007
65	snpSB00389	205120	401	204719	204009
65	snpSB00326	205120	401	204719	204013
65	snpSB00328	205120	407	204713	204013
65	snpSB00357	205120	403	204717	204014
65	snpSB00319	205120	404	204716	204015
65	snpSB00312	205120	402	204718	204017
65	snpSB00345	205120	419	204701	204017
65	snpSB00305	205120	401	204719	204018
65	snpSB00363	205120	402	204718	204019
65	snpSB00146	205120	401	204719	204021
65	snpSB00284	205120	401	204719	204021
65	snpSB00384	205120	401	204719	204021
65	snpSB00144	205120	401	204719	204022
65	snpSB00317	205120	401	204719	204022
65	snpSB00330	205120	401	204719	204023
65	snpSB00358	205120	401	204719	204023
65	snpSB00376	205120	403	204717	204023
65	snpSB00169	205120	401	204719	204024
65	snpSB00148	205120	401	204719	204024
65	snpSB00294	205120	401	204719	204024
65	snpSB00343	205120	401	204719	204024
65	snpSB00344	205120	401	204719	204024
65	snpSB00346	205120	401	204719	204024
65	snpSB00352	205120	401	204719	204024
65	snpSB00351	205120	401	204719	204024
65	snpSB00354	205120	401	204719	204024
65	snpSB00360	205120	401	204719	204024
65	snpSB00379	205120	401	204719	204024
65	snpSB00383	205120	401	204719	204024
64	snpSB00158	205120	439	204681	203792
64	snpSB00324	205120	433	204687	203837
64	snpSB00369	205120	459	204661	203847
64	snpSB00364	205120	444	204676	203860
64	snpSB00388	205120	440	204680	203877
64	snpSB00106	205120	458	204662	203878
64	snpSB00323	205120	424	204696	203923
64	snpSB00321	205120	415	204705	203923
64	snpSB00313	205120	453	204667	203925
64	snpSB00164	205120	412	204708	203928
64	snpSB00143	205120	406	204714	203961
64	snpSB00348	205120	415	204705	203961
64	snpSB00110	205120	417	204703	203962
64	snpSB00359	205120	440	204680	203962
64	snpSB00366	205120	415	204705	203965
64	snpSB00320	205120	418	204702	203967
64	snpSB00365	205120	412	204708	203972
64	snpSB00361	205120	414	204706	203974
64	snpSB00382	205120	409	204711	203978
64	snpSB00368	205120	416	204704	203983
64	snpSB00327	205120	416	204704	203984
64	snpSB00387	205120	409	204711	203984
64	snpSB00332	205120	438	204682	203985
64	snpSB00372	205120	406	204714	203985
64	snpSB00318	205120	414	204706	203986
64	snpSB00371	205120	411	204709	203988
64	snpSB00314	205120	409	204711	203990
64	snpSB00362	205120	414	204706	203992
64	snpSB00335	205120	416	204704	203997
64	snpSB00109	205120	403	204717	203998
64	snpSB00325	205120	401	204719	203998
64	snpSB00315	205120	405	204715	204001
64	snpSB00370	205120	405	204715	204002
64	snpSB00338	205120	404	204716	204003
64	snpSB00347	205120	404	204716	204006
64	snpSB00341	205120	404	204716	204007
64	snpSB00389	205120	401	204719	204009
64	snpSB00326	205120	401	204719	204013
64	snpSB00328	205120	407	204713	204013
64	snpSB00357	205120	403	204717	204014
64	snpSB00319	205120	404	204716	204015
64	snpSB00312	205120	402	204718	204017
64	snpSB00345	205120	419	204701	204017
64	snpSB00305	205120	401	204719	204018
64	snpSB00363	205120	402	204718	204019
64	snpSB00146	205120	401	204719	204021
64	snpSB00284	205120	401	204719	204021
64	snpSB00384	205120	401	204719	204021
64	snpSB00317	205120	401	204719	204022
64	snpSB00144	205120	401	204719	204022
64	snpSB00330	205120	401	204719	204023
64	snpSB00358	205120	401	204719	204023
64	snpSB00376	205120	403	204717	204023
64	snpSB00294	205120	401	204719	204024
64	snpSB00148	205120	401	204719	204024
64	snpSB00169	205120	401	204719	204024
64	snpSB00352	205120	401	204719	204024
64	snpSB00343	205120	401	204719	204024
64	snpSB00346	205120	401	204719	204024
64	snpSB00351	205120	401	204719	204024
64	snpSB00360	205120	401	204719	204024
64	snpSB00354	205120	401	204719	204024
64	snpSB00383	205120	401	204719	204024
64	snpSB00379	205120	401	204719	204024
63	snpSB00158	205120	439	204681	203792
63	snpSB00324	205120	433	204687	203837
63	snpSB00369	205120	459	204661	203847
63	snpSB00364	205120	444	204676	203859
63	snpSB00388	205120	440	204680	203874
63	snpSB00106	205120	458	204662	203878
63	snpSB00323	205120	424	204696	203922
63	snpSB00321	205120	415	204705	203923
63	snpSB00313	205120	453	204667	203925
63	snpSB00164	205120	412	204708	203928
63	snpSB00143	205120	406	204714	203961
63	snpSB00348	205120	415	204705	203961
63	snpSB00110	205120	417	204703	203962
63	snpSB00359	205120	440	204680	203962
63	snpSB00366	205120	415	204705	203965
63	snpSB00320	205120	418	204702	203967
63	snpSB00365	205120	412	204708	203972
63	snpSB00361	205120	414	204706	203974
63	snpSB00382	205120	409	204711	203978
63	snpSB00368	205120	416	204704	203982
63	snpSB00372	205120	406	204714	203983
63	snpSB00327	205120	416	204704	203984
63	snpSB00387	205120	409	204711	203984
63	snpSB00332	205120	438	204682	203985
63	snpSB00318	205120	414	204706	203986
63	snpSB00371	205120	411	204709	203988
63	snpSB00314	205120	409	204711	203990
63	snpSB00362	205120	414	204706	203992
63	snpSB00335	205120	416	204704	203997
63	snpSB00109	205120	403	204717	203998
63	snpSB00325	205120	401	204719	203998
63	snpSB00315	205120	405	204715	204001
63	snpSB00370	205120	405	204715	204002
63	snpSB00338	205120	404	204716	204003
63	snpSB00347	205120	404	204716	204006
63	snpSB00341	205120	404	204716	204007
63	snpSB00389	205120	401	204719	204009
63	snpSB00326	205120	401	204719	204013
63	snpSB00328	205120	407	204713	204013
63	snpSB00357	205120	403	204717	204014
63	snpSB00319	205120	404	204716	204015
63	snpSB00312	205120	402	204718	204017
63	snpSB00345	205120	419	204701	204017
63	snpSB00305	205120	401	204719	204018
63	snpSB00363	205120	402	204718	204019
63	snpSB00146	205120	401	204719	204021
63	snpSB00284	205120	401	204719	204021
63	snpSB00384	205120	401	204719	204021
63	snpSB00144	205120	401	204719	204022
63	snpSB00317	205120	401	204719	204022
63	snpSB00330	205120	401	204719	204023
63	snpSB00358	205120	401	204719	204023
63	snpSB00376	205120	403	204717	204023
63	snpSB00148	205120	401	204719	204024
63	snpSB00294	205120	401	204719	204024
63	snpSB00169	205120	401	204719	204024
63	snpSB00351	205120	401	204719	204024
63	snpSB00343	205120	401	204719	204024
63	snpSB00346	205120	401	204719	204024
63	snpSB00354	205120	401	204719	204024
63	snpSB00352	205120	401	204719	204024
63	snpSB00379	205120	401	204719	204024
63	snpSB00383	205120	401	204719	204024
62	snpSB00158	205120	439	204681	203792
62	snpSB00324	205120	433	204687	203837
62	snpSB00369	205120	459	204661	203847
62	snpSB00364	205120	444	204676	203859
62	snpSB00388	205120	440	204680	203874
62	snpSB00106	205120	458	204662	203878
62	snpSB00323	205120	424	204696	203922
62	snpSB00321	205120	415	204705	203923
62	snpSB00313	205120	453	204667	203925
62	snpSB00164	205120	412	204708	203928
62	snpSB00143	205120	406	204714	203961
62	snpSB00348	205120	415	204705	203961
62	snpSB00110	205120	417	204703	203962
62	snpSB00359	205120	440	204680	203962
62	snpSB00366	205120	415	204705	203965
62	snpSB00320	205120	418	204702	203967
62	snpSB00365	205120	412	204708	203972
62	snpSB00361	205120	414	204706	203974
62	snpSB00382	205120	409	204711	203978
62	snpSB00368	205120	416	204704	203982
62	snpSB00372	205120	406	204714	203983
62	snpSB00327	205120	416	204704	203984
62	snpSB00387	205120	409	204711	203984
62	snpSB00332	205120	438	204682	203985
62	snpSB00318	205120	414	204706	203986
62	snpSB00371	205120	411	204709	203988
62	snpSB00314	205120	409	204711	203990
62	snpSB00362	205120	414	204706	203992
62	snpSB00335	205120	416	204704	203997
62	snpSB00109	205120	403	204717	203998
62	snpSB00325	205120	401	204719	203998
62	snpSB00315	205120	405	204715	204001
62	snpSB00370	205120	405	204715	204002
62	snpSB00338	205120	404	204716	204003
62	snpSB00347	205120	404	204716	204006
62	snpSB00341	205120	404	204716	204007
62	snpSB00389	205120	401	204719	204009
62	snpSB00326	205120	401	204719	204013
62	snpSB00328	205120	407	204713	204013
62	snpSB00357	205120	403	204717	204014
62	snpSB00319	205120	404	204716	204015
62	snpSB00312	205120	402	204718	204017
62	snpSB00345	205120	419	204701	204017
62	snpSB00305	205120	401	204719	204018
62	snpSB00363	205120	402	204718	204019
62	snpSB00146	205120	401	204719	204021
62	snpSB00284	205120	401	204719	204021
62	snpSB00384	205120	401	204719	204021
62	snpSB00144	205120	401	204719	204022
62	snpSB00317	205120	401	204719	204022
62	snpSB00330	205120	401	204719	204023
62	snpSB00358	205120	401	204719	204023
62	snpSB00376	205120	403	204717	204023
62	snpSB00148	205120	401	204719	204024
62	snpSB00169	205120	401	204719	204024
62	snpSB00294	205120	401	204719	204024
62	snpSB00346	205120	401	204719	204024
62	snpSB00343	205120	401	204719	204024
62	snpSB00351	205120	401	204719	204024
62	snpSB00354	205120	401	204719	204024
62	snpSB00379	205120	401	204719	204024
62	snpSB00383	205120	401	204719	204024
61	snpSB00158	205120	439	204681	203792
61	snpSB00324	205120	433	204687	203837
61	snpSB00369	205120	459	204661	203847
61	snpSB00364	205120	444	204676	203859
61	snpSB00388	205120	440	204680	203874
61	snpSB00106	205120	458	204662	203878
61	snpSB00323	205120	424	204696	203922
61	snpSB00321	205120	415	204705	203923
61	snpSB00313	205120	453	204667	203925
61	snpSB00164	205120	412	204708	203928
61	snpSB00143	205120	406	204714	203961
61	snpSB00348	205120	415	204705	203961
61	snpSB00110	205120	417	204703	203962
61	snpSB00359	205120	440	204680	203962
61	snpSB00366	205120	415	204705	203965
61	snpSB00320	205120	418	204702	203967
61	snpSB00365	205120	412	204708	203972
61	snpSB00361	205120	414	204706	203974
61	snpSB00382	205120	409	204711	203978
61	snpSB00368	205120	416	204704	203982
61	snpSB00372	205120	406	204714	203983
61	snpSB00327	205120	416	204704	203984
61	snpSB00387	205120	409	204711	203984
61	snpSB00332	205120	438	204682	203985
61	snpSB00318	205120	414	204706	203986
61	snpSB00371	205120	411	204709	203988
61	snpSB00314	205120	409	204711	203990
61	snpSB00362	205120	414	204706	203992
61	snpSB00335	205120	416	204704	203997
61	snpSB00109	205120	403	204717	203998
61	snpSB00325	205120	401	204719	203998
61	snpSB00315	205120	405	204715	204001
61	snpSB00370	205120	405	204715	204002
61	snpSB00338	205120	404	204716	204003
61	snpSB00347	205120	404	204716	204006
61	snpSB00341	205120	404	204716	204007
61	snpSB00389	205120	401	204719	204009
61	snpSB00326	205120	401	204719	204013
61	snpSB00328	205120	407	204713	204013
61	snpSB00357	205120	403	204717	204014
61	snpSB00319	205120	404	204716	204015
61	snpSB00312	205120	402	204718	204017
61	snpSB00345	205120	419	204701	204017
61	snpSB00305	205120	401	204719	204018
61	snpSB00363	205120	402	204718	204019
61	snpSB00146	205120	401	204719	204021
61	snpSB00284	205120	401	204719	204021
61	snpSB00384	205120	401	204719	204021
61	snpSB00144	205120	401	204719	204022
61	snpSB00317	205120	401	204719	204022
61	snpSB00330	205120	401	204719	204023
61	snpSB00358	205120	401	204719	204023
61	snpSB00376	205120	403	204717	204023
61	snpSB00148	205120	401	204719	204024
61	snpSB00294	205120	401	204719	204024
61	snpSB00343	205120	401	204719	204024
61	snpSB00346	205120	401	204719	204024
61	snpSB00351	205120	401	204719	204024
61	snpSB00354	205120	401	204719	204024
61	snpSB00379	205120	401	204719	204024
61	snpSB00383	205120	401	204719	204024
60	snpSB00158	205120	439	204681	203792
60	snpSB00324	205120	433	204687	203837
60	snpSB00369	205120	459	204661	203847
60	snpSB00364	205120	444	204676	203859
60	snpSB00388	205120	440	204680	203874
60	snpSB00106	205120	458	204662	203878
60	snpSB00323	205120	424	204696	203922
60	snpSB00321	205120	415	204705	203923
60	snpSB00313	205120	453	204667	203925
60	snpSB00164	205120	412	204708	203928
60	snpSB00143	205120	406	204714	203961
60	snpSB00348	205120	415	204705	203961
60	snpSB00110	205120	417	204703	203962
60	snpSB00359	205120	440	204680	203962
60	snpSB00366	205120	415	204705	203965
60	snpSB00320	205120	418	204702	203967
60	snpSB00365	205120	412	204708	203972
60	snpSB00361	205120	414	204706	203974
60	snpSB00382	205120	409	204711	203978
60	snpSB00368	205120	416	204704	203982
60	snpSB00372	205120	406	204714	203983
60	snpSB00327	205120	416	204704	203984
60	snpSB00387	205120	409	204711	203984
60	snpSB00332	205120	438	204682	203985
60	snpSB00318	205120	414	204706	203986
60	snpSB00371	205120	411	204709	203988
60	snpSB00314	205120	409	204711	203990
60	snpSB00362	205120	414	204706	203992
60	snpSB00335	205120	416	204704	203997
60	snpSB00109	205120	403	204717	203998
60	snpSB00325	205120	401	204719	203998
60	snpSB00315	205120	405	204715	204001
60	snpSB00370	205120	405	204715	204002
60	snpSB00338	205120	404	204716	204003
60	snpSB00347	205120	404	204716	204006
60	snpSB00341	205120	404	204716	204007
60	snpSB00389	205120	401	204719	204009
60	snpSB00326	205120	401	204719	204013
60	snpSB00328	205120	407	204713	204013
60	snpSB00357	205120	403	204717	204014
60	snpSB00319	205120	404	204716	204015
60	snpSB00312	205120	402	204718	204017
60	snpSB00345	205120	419	204701	204017
60	snpSB00305	205120	401	204719	204018
60	snpSB00363	205120	402	204718	204019
60	snpSB00146	205120	401	204719	204021
60	snpSB00284	205120	401	204719	204021
60	snpSB00384	205120	401	204719	204021
60	snpSB00144	205120	401	204719	204022
60	snpSB00317	205120	401	204719	204022
60	snpSB00330	205120	401	204719	204023
60	snpSB00358	205120	401	204719	204023
60	snpSB00376	205120	403	204717	204023
60	snpSB00294	205120	401	204719	204024
60	snpSB00343	205120	401	204719	204024
60	snpSB00346	205120	401	204719	204024
60	snpSB00351	205120	401	204719	204024
60	snpSB00354	205120	401	204719	204024
60	snpSB00379	205120	401	204719	204024
60	snpSB00383	205120	401	204719	204024
59	snpSB00158	205120	439	204681	203792
59	snpSB00324	205120	433	204687	203837
59	snpSB00369	205120	459	204661	203847
59	snpSB00364	205120	444	204676	203859
59	snpSB00388	205120	440	204680	203874
59	snpSB00106	205120	458	204662	203878
59	snpSB00323	205120	424	204696	203922
59	snpSB00321	205120	415	204705	203923
59	snpSB00313	205120	453	204667	203925
59	snpSB00164	205120	412	204708	203928
59	snpSB00143	205120	406	204714	203961
59	snpSB00348	205120	415	204705	203961
59	snpSB00110	205120	417	204703	203962
59	snpSB00359	205120	440	204680	203962
59	snpSB00366	205120	415	204705	203965
59	snpSB00320	205120	418	204702	203967
59	snpSB00365	205120	412	204708	203972
59	snpSB00361	205120	414	204706	203974
59	snpSB00382	205120	409	204711	203978
59	snpSB00368	205120	416	204704	203982
59	snpSB00372	205120	406	204714	203983
59	snpSB00327	205120	416	204704	203984
59	snpSB00387	205120	409	204711	203984
59	snpSB00332	205120	438	204682	203985
59	snpSB00318	205120	414	204706	203986
59	snpSB00371	205120	411	204709	203988
59	snpSB00314	205120	409	204711	203990
59	snpSB00362	205120	414	204706	203992
59	snpSB00335	205120	416	204704	203997
59	snpSB00109	205120	403	204717	203998
59	snpSB00325	205120	401	204719	203998
59	snpSB00315	205120	405	204715	204001
59	snpSB00370	205120	405	204715	204002
59	snpSB00338	205120	404	204716	204003
59	snpSB00347	205120	404	204716	204006
59	snpSB00341	205120	404	204716	204007
59	snpSB00389	205120	401	204719	204009
59	snpSB00328	205120	407	204713	204013
59	snpSB00326	205120	401	204719	204013
59	snpSB00357	205120	403	204717	204014
59	snpSB00319	205120	404	204716	204015
59	snpSB00312	205120	402	204718	204017
59	snpSB00345	205120	419	204701	204017
59	snpSB00305	205120	401	204719	204018
59	snpSB00363	205120	402	204718	204019
59	snpSB00146	205120	401	204719	204021
59	snpSB00284	205120	401	204719	204021
59	snpSB00384	205120	401	204719	204021
59	snpSB00144	205120	401	204719	204022
59	snpSB00317	205120	401	204719	204022
59	snpSB00330	205120	401	204719	204023
59	snpSB00358	205120	401	204719	204023
59	snpSB00376	205120	403	204717	204023
59	snpSB00343	205120	401	204719	204024
59	snpSB00346	205120	401	204719	204024
59	snpSB00351	205120	401	204719	204024
59	snpSB00354	205120	401	204719	204024
59	snpSB00379	205120	401	204719	204024
59	snpSB00383	205120	401	204719	204024
58	snpSB00158	205120	439	204681	203792
58	snpSB00324	205120	433	204687	203837
58	snpSB00369	205120	459	204661	203847
58	snpSB00364	205120	444	204676	203859
58	snpSB00388	205120	440	204680	203874
58	snpSB00106	205120	458	204662	203878
58	snpSB00323	205120	424	204696	203922
58	snpSB00321	205120	415	204705	203923
58	snpSB00313	205120	453	204667	203925
58	snpSB00164	205120	412	204708	203928
58	snpSB00143	205120	406	204714	203961
58	snpSB00348	205120	415	204705	203961
58	snpSB00110	205120	417	204703	203962
58	snpSB00359	205120	440	204680	203962
58	snpSB00366	205120	415	204705	203965
58	snpSB00320	205120	418	204702	203967
58	snpSB00365	205120	412	204708	203972
58	snpSB00361	205120	414	204706	203974
58	snpSB00382	205120	409	204711	203978
58	snpSB00368	205120	416	204704	203982
58	snpSB00372	205120	406	204714	203983
58	snpSB00327	205120	416	204704	203984
58	snpSB00387	205120	409	204711	203984
58	snpSB00332	205120	438	204682	203985
58	snpSB00318	205120	414	204706	203986
58	snpSB00371	205120	411	204709	203988
58	snpSB00314	205120	409	204711	203990
58	snpSB00362	205120	414	204706	203992
58	snpSB00335	205120	416	204704	203997
58	snpSB00109	205120	403	204717	203998
58	snpSB00325	205120	401	204719	203998
58	snpSB00315	205120	405	204715	204001
58	snpSB00370	205120	405	204715	204002
58	snpSB00338	205120	404	204716	204003
58	snpSB00347	205120	404	204716	204006
58	snpSB00341	205120	404	204716	204007
58	snpSB00389	205120	401	204719	204009
58	snpSB00328	205120	407	204713	204013
58	snpSB00326	205120	401	204719	204013
58	snpSB00357	205120	403	204717	204014
58	snpSB00319	205120	404	204716	204015
58	snpSB00312	205120	402	204718	204017
58	snpSB00345	205120	419	204701	204017
58	snpSB00305	205120	401	204719	204018
58	snpSB00363	205120	402	204718	204019
58	snpSB00146	205120	401	204719	204021
58	snpSB00284	205120	401	204719	204021
58	snpSB00384	205120	401	204719	204021
58	snpSB00144	205120	401	204719	204022
58	snpSB00317	205120	401	204719	204022
58	snpSB00330	205120	401	204719	204023
58	snpSB00358	205120	401	204719	204023
58	snpSB00376	205120	403	204717	204023
58	snpSB00343	205120	401	204719	204024
58	snpSB00354	205120	401	204719	204024
58	snpSB00351	205120	401	204719	204024
58	snpSB00379	205120	401	204719	204024
58	snpSB00383	205120	401	204719	204024
57	snpSB00158	205120	439	204681	203792
57	snpSB00324	205120	433	204687	203836
57	snpSB00369	205120	459	204661	203847
57	snpSB00364	205120	444	204676	203859
57	snpSB00388	205120	440	204680	203874
57	snpSB00106	205120	458	204662	203877
57	snpSB00323	205120	424	204696	203922
57	snpSB00321	205120	415	204705	203923
57	snpSB00313	205120	453	204667	203925
57	snpSB00164	205120	412	204708	203928
57	snpSB00143	205120	406	204714	203961
57	snpSB00348	205120	415	204705	203961
57	snpSB00110	205120	417	204703	203962
57	snpSB00359	205120	440	204680	203962
57	snpSB00366	205120	415	204705	203965
57	snpSB00320	205120	418	204702	203967
57	snpSB00365	205120	412	204708	203972
57	snpSB00361	205120	414	204706	203974
57	snpSB00382	205120	409	204711	203978
57	snpSB00368	205120	416	204704	203982
57	snpSB00372	205120	406	204714	203983
57	snpSB00327	205120	416	204704	203984
57	snpSB00387	205120	409	204711	203984
57	snpSB00332	205120	438	204682	203985
57	snpSB00318	205120	414	204706	203986
57	snpSB00371	205120	411	204709	203988
57	snpSB00314	205120	409	204711	203990
57	snpSB00362	205120	414	204706	203992
57	snpSB00335	205120	416	204704	203997
57	snpSB00109	205120	403	204717	203998
57	snpSB00325	205120	401	204719	203998
57	snpSB00315	205120	405	204715	204001
57	snpSB00370	205120	405	204715	204002
57	snpSB00338	205120	404	204716	204003
57	snpSB00347	205120	404	204716	204006
57	snpSB00341	205120	404	204716	204007
57	snpSB00389	205120	401	204719	204009
57	snpSB00328	205120	407	204713	204013
57	snpSB00326	205120	401	204719	204013
57	snpSB00357	205120	403	204717	204014
57	snpSB00319	205120	404	204716	204015
57	snpSB00312	205120	402	204718	204017
57	snpSB00345	205120	419	204701	204017
57	snpSB00305	205120	401	204719	204018
57	snpSB00363	205120	402	204718	204019
57	snpSB00146	205120	401	204719	204021
57	snpSB00284	205120	401	204719	204021
57	snpSB00384	205120	401	204719	204021
57	snpSB00144	205120	401	204719	204022
57	snpSB00317	205120	401	204719	204022
57	snpSB00330	205120	401	204719	204023
57	snpSB00358	205120	401	204719	204023
57	snpSB00376	205120	403	204717	204023
57	snpSB00343	205120	401	204719	204024
57	snpSB00351	205120	401	204719	204024
57	snpSB00383	205120	401	204719	204024
57	snpSB00379	205120	401	204719	204024
56	snpSB00158	205120	439	204681	203792
56	snpSB00324	205120	433	204687	203836
56	snpSB00369	205120	459	204661	203847
56	snpSB00364	205120	444	204676	203859
56	snpSB00388	205120	440	204680	203874
56	snpSB00106	205120	458	204662	203877
56	snpSB00323	205120	424	204696	203922
56	snpSB00321	205120	415	204705	203923
56	snpSB00313	205120	453	204667	203925
56	snpSB00164	205120	412	204708	203928
56	snpSB00143	205120	406	204714	203961
56	snpSB00348	205120	415	204705	203961
56	snpSB00110	205120	417	204703	203962
56	snpSB00359	205120	440	204680	203962
56	snpSB00366	205120	415	204705	203965
56	snpSB00320	205120	418	204702	203967
56	snpSB00365	205120	412	204708	203972
56	snpSB00361	205120	414	204706	203974
56	snpSB00382	205120	409	204711	203978
56	snpSB00368	205120	416	204704	203982
56	snpSB00372	205120	406	204714	203983
56	snpSB00327	205120	416	204704	203984
56	snpSB00387	205120	409	204711	203984
56	snpSB00332	205120	438	204682	203985
56	snpSB00318	205120	414	204706	203986
56	snpSB00371	205120	411	204709	203988
56	snpSB00314	205120	409	204711	203990
56	snpSB00362	205120	414	204706	203992
56	snpSB00335	205120	416	204704	203997
56	snpSB00109	205120	403	204717	203998
56	snpSB00325	205120	401	204719	203998
56	snpSB00315	205120	405	204715	204001
56	snpSB00370	205120	405	204715	204002
56	snpSB00338	205120	404	204716	204003
56	snpSB00347	205120	404	204716	204006
56	snpSB00341	205120	404	204716	204007
56	snpSB00389	205120	401	204719	204009
56	snpSB00328	205120	407	204713	204013
56	snpSB00326	205120	401	204719	204013
56	snpSB00357	205120	403	204717	204014
56	snpSB00319	205120	404	204716	204015
56	snpSB00312	205120	402	204718	204017
56	snpSB00345	205120	419	204701	204017
56	snpSB00305	205120	401	204719	204018
56	snpSB00363	205120	402	204718	204019
56	snpSB00146	205120	401	204719	204021
56	snpSB00284	205120	401	204719	204021
56	snpSB00384	205120	401	204719	204021
56	snpSB00144	205120	401	204719	204022
56	snpSB00317	205120	401	204719	204022
56	snpSB00330	205120	401	204719	204023
56	snpSB00358	205120	401	204719	204023
56	snpSB00376	205120	403	204717	204023
56	snpSB00343	205120	401	204719	204024
56	snpSB00351	205120	401	204719	204024
56	snpSB00383	205120	401	204719	204024
55	snpSB00158	205120	439	204681	203792
55	snpSB00324	205120	433	204687	203836
55	snpSB00369	205120	459	204661	203847
55	snpSB00364	205120	444	204676	203859
55	snpSB00388	205120	440	204680	203874
55	snpSB00106	205120	458	204662	203877
55	snpSB00323	205120	424	204696	203922
55	snpSB00321	205120	415	204705	203923
55	snpSB00313	205120	453	204667	203925
55	snpSB00164	205120	412	204708	203928
55	snpSB00110	205120	417	204703	203961
55	snpSB00143	205120	406	204714	203961
55	snpSB00348	205120	415	204705	203961
55	snpSB00359	205120	440	204680	203962
55	snpSB00366	205120	415	204705	203965
55	snpSB00320	205120	418	204702	203967
55	snpSB00365	205120	412	204708	203972
55	snpSB00361	205120	414	204706	203974
55	snpSB00382	205120	409	204711	203978
55	snpSB00368	205120	416	204704	203982
55	snpSB00372	205120	406	204714	203983
55	snpSB00327	205120	416	204704	203984
55	snpSB00387	205120	409	204711	203984
55	snpSB00332	205120	438	204682	203985
55	snpSB00318	205120	414	204706	203986
55	snpSB00371	205120	411	204709	203988
55	snpSB00314	205120	409	204711	203990
55	snpSB00362	205120	414	204706	203992
55	snpSB00335	205120	416	204704	203997
55	snpSB00109	205120	403	204717	203998
55	snpSB00325	205120	401	204719	203998
55	snpSB00315	205120	405	204715	204001
55	snpSB00370	205120	405	204715	204002
55	snpSB00338	205120	404	204716	204003
55	snpSB00347	205120	404	204716	204006
55	snpSB00341	205120	404	204716	204007
55	snpSB00389	205120	401	204719	204008
55	snpSB00328	205120	407	204713	204013
55	snpSB00326	205120	401	204719	204013
55	snpSB00357	205120	403	204717	204014
55	snpSB00319	205120	404	204716	204015
55	snpSB00312	205120	402	204718	204017
55	snpSB00345	205120	419	204701	204017
55	snpSB00305	205120	401	204719	204018
55	snpSB00363	205120	402	204718	204019
55	snpSB00146	205120	401	204719	204021
55	snpSB00284	205120	401	204719	204021
55	snpSB00384	205120	401	204719	204021
55	snpSB00144	205120	401	204719	204022
55	snpSB00317	205120	401	204719	204022
55	snpSB00330	205120	401	204719	204023
55	snpSB00358	205120	401	204719	204023
55	snpSB00376	205120	403	204717	204023
55	snpSB00343	205120	401	204719	204024
55	snpSB00383	205120	401	204719	204024
54	snpSB00158	205120	439	204681	203792
54	snpSB00324	205120	433	204687	203836
54	snpSB00369	205120	459	204661	203847
54	snpSB00364	205120	444	204676	203859
54	snpSB00388	205120	440	204680	203874
54	snpSB00106	205120	458	204662	203877
54	snpSB00323	205120	424	204696	203922
54	snpSB00321	205120	415	204705	203923
54	snpSB00313	205120	453	204667	203925
54	snpSB00164	205120	412	204708	203928
54	snpSB00143	205120	406	204714	203961
54	snpSB00110	205120	417	204703	203961
54	snpSB00348	205120	415	204705	203961
54	snpSB00359	205120	440	204680	203962
54	snpSB00366	205120	415	204705	203965
54	snpSB00320	205120	418	204702	203967
54	snpSB00365	205120	412	204708	203972
54	snpSB00361	205120	414	204706	203974
54	snpSB00382	205120	409	204711	203978
54	snpSB00368	205120	416	204704	203982
54	snpSB00372	205120	406	204714	203983
54	snpSB00327	205120	416	204704	203984
54	snpSB00387	205120	409	204711	203984
54	snpSB00332	205120	438	204682	203985
54	snpSB00318	205120	414	204706	203986
54	snpSB00371	205120	411	204709	203988
54	snpSB00314	205120	409	204711	203990
54	snpSB00362	205120	414	204706	203992
54	snpSB00335	205120	416	204704	203997
54	snpSB00109	205120	403	204717	203998
54	snpSB00325	205120	401	204719	203998
54	snpSB00315	205120	405	204715	204001
54	snpSB00370	205120	405	204715	204002
54	snpSB00338	205120	404	204716	204003
54	snpSB00347	205120	404	204716	204006
54	snpSB00341	205120	404	204716	204007
54	snpSB00389	205120	401	204719	204008
54	snpSB00326	205120	401	204719	204013
54	snpSB00328	205120	407	204713	204013
54	snpSB00357	205120	403	204717	204014
54	snpSB00319	205120	404	204716	204015
54	snpSB00312	205120	402	204718	204017
54	snpSB00345	205120	419	204701	204017
54	snpSB00305	205120	401	204719	204018
54	snpSB00363	205120	402	204718	204019
54	snpSB00146	205120	401	204719	204021
54	snpSB00284	205120	401	204719	204021
54	snpSB00384	205120	401	204719	204021
54	snpSB00144	205120	401	204719	204022
54	snpSB00317	205120	401	204719	204022
54	snpSB00330	205120	401	204719	204023
54	snpSB00358	205120	401	204719	204023
54	snpSB00376	205120	403	204717	204023
54	snpSB00343	205120	401	204719	204024
53	snpSB00158	205120	439	204681	203792
53	snpSB00324	205120	433	204687	203836
53	snpSB00369	205120	459	204661	203847
53	snpSB00364	205120	444	204676	203859
53	snpSB00388	205120	440	204680	203874
53	snpSB00106	205120	458	204662	203877
53	snpSB00323	205120	424	204696	203922
53	snpSB00321	205120	415	204705	203923
53	snpSB00313	205120	453	204667	203925
53	snpSB00164	205120	412	204708	203928
53	snpSB00110	205120	417	204703	203961
53	snpSB00143	205120	406	204714	203961
53	snpSB00348	205120	415	204705	203961
53	snpSB00359	205120	440	204680	203962
53	snpSB00366	205120	415	204705	203965
53	snpSB00320	205120	418	204702	203967
53	snpSB00365	205120	412	204708	203972
53	snpSB00361	205120	414	204706	203974
53	snpSB00382	205120	409	204711	203978
53	snpSB00368	205120	416	204704	203982
53	snpSB00372	205120	406	204714	203983
53	snpSB00327	205120	416	204704	203984
53	snpSB00387	205120	409	204711	203984
53	snpSB00332	205120	438	204682	203985
53	snpSB00318	205120	414	204706	203986
53	snpSB00371	205120	411	204709	203988
53	snpSB00314	205120	409	204711	203990
53	snpSB00362	205120	414	204706	203992
53	snpSB00335	205120	416	204704	203997
53	snpSB00109	205120	403	204717	203998
53	snpSB00325	205120	401	204719	203998
53	snpSB00315	205120	405	204715	204001
53	snpSB00370	205120	405	204715	204002
53	snpSB00338	205120	404	204716	204003
53	snpSB00347	205120	404	204716	204006
53	snpSB00341	205120	404	204716	204007
53	snpSB00389	205120	401	204719	204008
53	snpSB00328	205120	407	204713	204013
53	snpSB00326	205120	401	204719	204013
53	snpSB00357	205120	403	204717	204014
53	snpSB00319	205120	404	204716	204015
53	snpSB00312	205120	402	204718	204017
53	snpSB00345	205120	419	204701	204017
53	snpSB00305	205120	401	204719	204018
53	snpSB00363	205120	402	204718	204019
53	snpSB00146	205120	401	204719	204021
53	snpSB00284	205120	401	204719	204021
53	snpSB00384	205120	401	204719	204021
53	snpSB00144	205120	401	204719	204022
53	snpSB00317	205120	401	204719	204022
53	snpSB00330	205120	401	204719	204023
53	snpSB00358	205120	401	204719	204023
53	snpSB00376	205120	403	204717	204023
52	snpSB00158	205120	439	204681	203791
52	snpSB00324	205120	433	204687	203835
52	snpSB00369	205120	459	204661	203846
52	snpSB00364	205120	444	204676	203858
52	snpSB00388	205120	440	204680	203873
52	snpSB00106	205120	458	204662	203876
52	snpSB00323	205120	424	204696	203921
52	snpSB00321	205120	415	204705	203922
52	snpSB00313	205120	453	204667	203924
52	snpSB00164	205120	412	204708	203927
52	snpSB00110	205120	417	204703	203960
52	snpSB00143	205120	406	204714	203960
52	snpSB00348	205120	415	204705	203960
52	snpSB00359	205120	440	204680	203961
52	snpSB00366	205120	415	204705	203964
52	snpSB00320	205120	418	204702	203966
52	snpSB00365	205120	412	204708	203970
52	snpSB00361	205120	414	204706	203973
52	snpSB00382	205120	409	204711	203977
52	snpSB00368	205120	416	204704	203981
52	snpSB00372	205120	406	204714	203982
52	snpSB00327	205120	416	204704	203983
52	snpSB00387	205120	409	204711	203983
52	snpSB00332	205120	438	204682	203984
52	snpSB00318	205120	414	204706	203985
52	snpSB00371	205120	411	204709	203987
52	snpSB00314	205120	409	204711	203989
52	snpSB00362	205120	414	204706	203991
52	snpSB00335	205120	416	204704	203996
52	snpSB00109	205120	403	204717	203997
52	snpSB00325	205120	401	204719	203997
52	snpSB00315	205120	405	204715	204000
52	snpSB00370	205120	405	204715	204001
52	snpSB00338	205120	404	204716	204002
52	snpSB00347	205120	405	204715	204005
52	snpSB00341	205120	404	204716	204006
52	snpSB00389	205120	401	204719	204007
52	snpSB00326	205120	401	204719	204012
52	snpSB00328	205120	407	204713	204012
52	snpSB00357	205120	403	204717	204013
52	snpSB00319	205120	404	204716	204014
52	snpSB00312	205120	402	204718	204016
52	snpSB00345	205120	419	204701	204016
52	snpSB00305	205120	401	204719	204017
52	snpSB00363	205120	402	204718	204018
52	snpSB00146	205120	401	204719	204020
52	snpSB00284	205120	401	204719	204020
52	snpSB00384	205120	401	204719	204020
52	snpSB00144	205120	401	204719	204021
52	snpSB00317	205120	401	204719	204021
52	snpSB00330	205120	401	204719	204022
52	snpSB00376	205120	403	204717	204022
51	snpSB00158	205120	439	204681	203789
51	snpSB00324	205120	433	204687	203834
51	snpSB00369	205120	459	204661	203845
51	snpSB00364	205120	444	204676	203857
51	snpSB00388	205120	440	204680	203872
51	snpSB00106	205120	458	204662	203873
51	snpSB00323	205120	425	204695	203920
51	snpSB00313	205120	453	204667	203921
51	snpSB00321	205120	415	204705	203921
51	snpSB00164	205120	412	204708	203926
51	snpSB00110	205120	417	204703	203959
51	snpSB00143	205120	406	204714	203959
51	snpSB00348	205120	415	204705	203959
51	snpSB00359	205120	440	204680	203960
51	snpSB00366	205120	415	204705	203963
51	snpSB00320	205120	418	204702	203965
51	snpSB00365	205120	412	204708	203969
51	snpSB00361	205120	414	204706	203972
51	snpSB00382	205120	409	204711	203976
51	snpSB00368	205120	416	204704	203980
51	snpSB00372	205120	406	204714	203981
51	snpSB00327	205120	416	204704	203982
51	snpSB00387	205120	409	204711	203982
51	snpSB00332	205120	438	204682	203983
51	snpSB00318	205120	414	204706	203984
51	snpSB00371	205120	411	204709	203986
51	snpSB00314	205120	409	204711	203988
51	snpSB00362	205120	414	204706	203990
51	snpSB00109	205120	403	204717	203994
51	snpSB00335	205120	416	204704	203995
51	snpSB00325	205120	401	204719	203996
51	snpSB00315	205120	405	204715	203999
51	snpSB00370	205120	405	204715	204000
51	snpSB00338	205120	404	204716	204001
51	snpSB00347	205120	405	204715	204004
51	snpSB00341	205120	404	204716	204005
51	snpSB00389	205120	401	204719	204006
51	snpSB00328	205120	407	204713	204010
51	snpSB00326	205120	401	204719	204011
51	snpSB00357	205120	403	204717	204012
51	snpSB00319	205120	404	204716	204013
51	snpSB00312	205120	402	204718	204015
51	snpSB00345	205120	419	204701	204015
51	snpSB00305	205120	401	204719	204016
51	snpSB00376	205120	403	204717	204016
51	snpSB00363	205120	402	204718	204017
51	snpSB00284	205120	401	204719	204019
51	snpSB00146	205120	401	204719	204019
51	snpSB00384	205120	401	204719	204019
51	snpSB00144	205120	401	204719	204020
51	snpSB00317	205120	401	204719	204020
50	snpSB00158	205120	440	204680	203788
50	snpSB00324	205120	433	204687	203832
50	snpSB00369	205120	459	204661	203843
50	snpSB00364	205120	444	204676	203855
50	snpSB00388	205120	440	204680	203867
50	snpSB00106	205120	458	204662	203871
50	snpSB00323	205120	425	204695	203918
50	snpSB00313	205120	453	204667	203919
50	snpSB00321	205120	415	204705	203919
50	snpSB00164	205120	412	204708	203922
50	snpSB00110	205120	417	204703	203957
50	snpSB00143	205120	406	204714	203957
50	snpSB00348	205120	415	204705	203957
50	snpSB00359	205120	440	204680	203958
50	snpSB00366	205120	415	204705	203960
50	snpSB00320	205120	418	204702	203963
50	snpSB00365	205120	412	204708	203967
50	snpSB00361	205120	414	204706	203969
50	snpSB00382	205120	409	204711	203974
50	snpSB00368	205120	416	204704	203978
50	snpSB00332	205120	438	204682	203979
50	snpSB00372	205120	406	204714	203979
50	snpSB00387	205120	410	204710	203979
50	snpSB00327	205120	416	204704	203980
50	snpSB00318	205120	414	204706	203982
50	snpSB00371	205120	411	204709	203984
50	snpSB00314	205120	409	204711	203986
50	snpSB00362	205120	414	204706	203988
50	snpSB00109	205120	403	204717	203992
50	snpSB00335	205120	416	204704	203992
50	snpSB00325	205120	401	204719	203994
50	snpSB00315	205120	405	204715	203995
50	snpSB00370	205120	405	204715	203998
50	snpSB00338	205120	404	204716	203999
50	snpSB00347	205120	405	204715	204002
50	snpSB00341	205120	404	204716	204003
50	snpSB00389	205120	401	204719	204004
50	snpSB00328	205120	407	204713	204008
50	snpSB00326	205120	401	204719	204009
50	snpSB00357	205120	403	204717	204010
50	snpSB00319	205120	404	204716	204011
50	snpSB00312	205120	402	204718	204013
50	snpSB00345	205120	419	204701	204013
50	snpSB00305	205120	401	204719	204014
50	snpSB00376	205120	403	204717	204014
50	snpSB00363	205120	402	204718	204015
50	snpSB00146	205120	401	204719	204017
50	snpSB00284	205120	401	204719	204017
50	snpSB00384	205120	401	204719	204017
50	snpSB00144	205120	401	204719	204018
49	snpSB00158	205120	440	204680	203783
49	snpSB00324	205120	433	204687	203830
49	snpSB00369	205120	459	204661	203841
49	snpSB00364	205120	444	204676	203853
49	snpSB00388	205120	440	204680	203865
49	snpSB00106	205120	458	204662	203869
49	snpSB00313	205120	453	204667	203916
49	snpSB00323	205120	425	204695	203916
49	snpSB00321	205120	415	204705	203917
49	snpSB00164	205120	412	204708	203920
49	snpSB00143	205120	408	204712	203945
49	snpSB00359	205120	440	204680	203953
49	snpSB00110	205120	417	204703	203955
49	snpSB00348	205120	415	204705	203955
49	snpSB00366	205120	415	204705	203957
49	snpSB00320	205120	418	204702	203961
49	snpSB00361	205120	414	204706	203965
49	snpSB00365	205120	412	204708	203965
49	snpSB00382	205120	409	204711	203972
49	snpSB00368	205120	416	204704	203976
49	snpSB00332	205120	438	204682	203977
49	snpSB00372	205120	406	204714	203977
49	snpSB00387	205120	410	204710	203977
49	snpSB00327	205120	416	204704	203978
49	snpSB00318	205120	414	204706	203980
49	snpSB00371	205120	411	204709	203982
49	snpSB00314	205120	409	204711	203983
49	snpSB00362	205120	414	204706	203983
49	snpSB00109	205120	403	204717	203990
49	snpSB00335	205120	416	204704	203990
49	snpSB00325	205120	401	204719	203992
49	snpSB00315	205120	405	204715	203993
49	snpSB00370	205120	405	204715	203996
49	snpSB00338	205120	404	204716	203997
49	snpSB00347	205120	405	204715	204000
49	snpSB00341	205120	404	204716	204001
49	snpSB00389	205120	401	204719	204002
49	snpSB00328	205120	407	204713	204006
49	snpSB00326	205120	401	204719	204007
49	snpSB00357	205120	403	204717	204008
49	snpSB00319	205120	404	204716	204009
49	snpSB00312	205120	402	204718	204011
49	snpSB00345	205120	419	204701	204011
49	snpSB00305	205120	401	204719	204012
49	snpSB00376	205120	403	204717	204012
49	snpSB00363	205120	402	204718	204013
49	snpSB00284	205120	401	204719	204015
49	snpSB00146	205120	401	204719	204015
49	snpSB00384	205120	401	204719	204015
48	snpSB00158	205120	440	204680	203780
48	snpSB00324	205120	435	204685	203826
48	snpSB00369	205120	459	204661	203837
48	snpSB00364	205120	444	204676	203850
48	snpSB00388	205120	440	204680	203862
48	snpSB00106	205120	458	204662	203866
48	snpSB00313	205120	453	204667	203913
48	snpSB00323	205120	425	204695	203913
48	snpSB00321	205120	415	204705	203914
48	snpSB00164	205120	413	204707	203918
48	snpSB00143	205120	408	204712	203941
48	snpSB00359	205120	440	204680	203950
48	snpSB00110	205120	417	204703	203952
48	snpSB00348	205120	415	204705	203952
48	snpSB00366	205120	415	204705	203954
48	snpSB00320	205120	418	204702	203958
48	snpSB00361	205120	414	204706	203962
48	snpSB00365	205120	412	204708	203962
48	snpSB00382	205120	409	204711	203969
48	snpSB00368	205120	416	204704	203973
48	snpSB00332	205120	438	204682	203974
48	snpSB00387	205120	410	204710	203974
48	snpSB00372	205120	406	204714	203974
48	snpSB00327	205120	416	204704	203975
48	snpSB00318	205120	414	204706	203977
48	snpSB00371	205120	411	204709	203979
48	snpSB00314	205120	409	204711	203980
48	snpSB00362	205120	414	204706	203980
48	snpSB00109	205120	403	204717	203987
48	snpSB00335	205120	416	204704	203987
48	snpSB00325	205120	401	204719	203989
48	snpSB00315	205120	405	204715	203990
48	snpSB00370	205120	405	204715	203993
48	snpSB00338	205120	404	204716	203994
48	snpSB00347	205120	405	204715	203997
48	snpSB00341	205120	404	204716	203998
48	snpSB00389	205120	401	204719	203999
48	snpSB00328	205120	407	204713	204003
48	snpSB00326	205120	401	204719	204004
48	snpSB00357	205120	403	204717	204005
48	snpSB00319	205120	404	204716	204006
48	snpSB00312	205120	402	204718	204008
48	snpSB00345	205120	419	204701	204008
48	snpSB00305	205120	401	204719	204009
48	snpSB00363	205120	402	204718	204009
48	snpSB00376	205120	403	204717	204009
48	snpSB00146	205120	401	204719	204012
48	snpSB00384	205120	401	204719	204012
47	snpSB00158	205120	440	204680	203776
47	snpSB00324	205120	435	204685	203822
47	snpSB00369	205120	459	204661	203834
47	snpSB00364	205120	444	204676	203846
47	snpSB00388	205120	440	204680	203858
47	snpSB00106	205120	458	204662	203863
47	snpSB00321	205120	415	204705	203906
47	snpSB00323	205120	426	204694	203909
47	snpSB00313	205120	453	204667	203910
47	snpSB00164	205120	413	204707	203912
47	snpSB00143	205120	408	204712	203938
47	snpSB00359	205120	440	204680	203941
47	snpSB00110	205120	417	204703	203949
47	snpSB00348	205120	415	204705	203949
47	snpSB00366	205120	415	204705	203950
47	snpSB00320	205120	419	204701	203955
47	snpSB00365	205120	413	204707	203956
47	snpSB00361	205120	414	204706	203959
47	snpSB00382	205120	409	204711	203966
47	snpSB00368	205120	416	204704	203970
47	snpSB00332	205120	438	204682	203971
47	snpSB00372	205120	406	204714	203971
47	snpSB00387	205120	410	204710	203971
47	snpSB00327	205120	416	204704	203972
47	snpSB00318	205120	414	204706	203973
47	snpSB00362	205120	414	204706	203975
47	snpSB00371	205120	411	204709	203976
47	snpSB00314	205120	409	204711	203977
47	snpSB00109	205120	403	204717	203984
47	snpSB00335	205120	416	204704	203984
47	snpSB00325	205120	401	204719	203986
47	snpSB00315	205120	405	204715	203987
47	snpSB00347	205120	405	204715	203990
47	snpSB00370	205120	405	204715	203990
47	snpSB00338	205120	404	204716	203991
47	snpSB00341	205120	404	204716	203993
47	snpSB00389	205120	401	204719	203993
47	snpSB00328	205120	407	204713	204000
47	snpSB00326	205120	401	204719	204001
47	snpSB00357	205120	403	204717	204002
47	snpSB00319	205120	404	204716	204003
47	snpSB00312	205120	402	204718	204005
47	snpSB00345	205120	419	204701	204005
47	snpSB00305	205120	401	204719	204006
47	snpSB00363	205120	402	204718	204006
47	snpSB00376	205120	403	204717	204006
47	snpSB00146	205120	401	204719	204009
46	snpSB00158	205120	440	204680	203772
46	snpSB00324	205120	435	204685	203815
46	snpSB00369	205120	459	204661	203831
46	snpSB00364	205120	444	204676	203840
46	snpSB00106	205120	458	204662	203855
46	snpSB00388	205120	440	204680	203855
46	snpSB00321	205120	415	204705	203902
46	snpSB00313	205120	453	204667	203905
46	snpSB00323	205120	426	204694	203906
46	snpSB00164	205120	413	204707	203909
46	snpSB00143	205120	411	204709	203922
46	snpSB00359	205120	440	204680	203938
46	snpSB00110	205120	417	204703	203945
46	snpSB00366	205120	415	204705	203945
46	snpSB00348	205120	415	204705	203946
46	snpSB00320	205120	419	204701	203952
46	snpSB00365	205120	413	204707	203952
46	snpSB00361	205120	414	204706	203956
46	snpSB00382	205120	409	204711	203962
46	snpSB00387	205120	410	204710	203966
46	snpSB00368	205120	416	204704	203967
46	snpSB00332	205120	438	204682	203968
46	snpSB00372	205120	406	204714	203968
46	snpSB00327	205120	416	204704	203969
46	snpSB00318	205120	414	204706	203970
46	snpSB00362	205120	414	204706	203972
46	snpSB00371	205120	411	204709	203973
46	snpSB00314	205120	409	204711	203974
46	snpSB00335	205120	416	204704	203980
46	snpSB00109	205120	403	204717	203981
46	snpSB00325	205120	401	204719	203983
46	snpSB00315	205120	405	204715	203984
46	snpSB00347	205120	405	204715	203987
46	snpSB00370	205120	405	204715	203987
46	snpSB00338	205120	404	204716	203988
46	snpSB00341	205120	404	204716	203989
46	snpSB00389	205120	401	204719	203990
46	snpSB00328	205120	407	204713	203997
46	snpSB00326	205120	401	204719	203998
46	snpSB00357	205120	403	204717	203999
46	snpSB00319	205120	404	204716	204000
46	snpSB00345	205120	419	204701	204001
46	snpSB00312	205120	402	204718	204002
46	snpSB00305	205120	401	204719	204003
46	snpSB00363	205120	402	204718	204003
46	snpSB00376	205120	403	204717	204003
45	snpSB00158	205120	441	204679	203764
45	snpSB00324	205120	439	204681	203805
45	snpSB00369	205120	460	204660	203820
45	snpSB00364	205120	445	204675	203834
45	snpSB00106	205120	460	204660	203848
45	snpSB00388	205120	441	204679	203849
45	snpSB00321	205120	416	204704	203896
45	snpSB00323	205120	427	204693	203898
45	snpSB00313	205120	454	204666	203899
45	snpSB00164	205120	414	204706	203903
45	snpSB00143	205120	412	204708	203914
45	snpSB00359	205120	441	204679	203932
45	snpSB00110	205120	418	204702	203937
45	snpSB00366	205120	416	204704	203937
45	snpSB00348	205120	416	204704	203940
45	snpSB00365	205120	414	204706	203944
45	snpSB00320	205120	420	204700	203945
45	snpSB00361	205120	415	204705	203949
45	snpSB00382	205120	410	204710	203955
45	snpSB00368	205120	417	204703	203959
45	snpSB00387	205120	412	204708	203961
45	snpSB00327	205120	417	204703	203962
45	snpSB00332	205120	439	204681	203962
45	snpSB00372	205120	407	204713	203962
45	snpSB00318	205120	415	204705	203963
45	snpSB00362	205120	415	204705	203963
45	snpSB00371	205120	412	204708	203967
45	snpSB00314	205120	410	204710	203968
45	snpSB00335	205120	417	204703	203974
45	snpSB00109	205120	404	204716	203975
45	snpSB00325	205120	402	204718	203977
45	snpSB00315	205120	406	204714	203978
45	snpSB00338	205120	405	204715	203980
45	snpSB00347	205120	406	204714	203981
45	snpSB00370	205120	406	204714	203981
45	snpSB00341	205120	405	204715	203983
45	snpSB00389	205120	402	204718	203984
45	snpSB00328	205120	408	204712	203991
45	snpSB00357	205120	404	204716	203991
45	snpSB00326	205120	402	204718	203992
45	snpSB00319	205120	405	204715	203994
45	snpSB00345	205120	420	204700	203994
45	snpSB00312	205120	403	204717	203995
45	snpSB00376	205120	404	204716	203997
45	snpSB00305	205120	403	204717	203998
44	snpSB00158	205120	442	204678	203758
44	snpSB00324	205120	440	204680	203800
44	snpSB00369	205120	461	204659	203815
44	snpSB00364	205120	446	204674	203828
44	snpSB00388	205120	442	204678	203842
44	snpSB00106	205120	461	204659	203843
44	snpSB00321	205120	417	204703	203891
44	snpSB00313	205120	455	204665	203893
44	snpSB00323	205120	428	204692	203893
44	snpSB00164	205120	415	204705	203898
44	snpSB00143	205120	413	204707	203909
44	snpSB00359	205120	446	204674	203930
44	snpSB00110	205120	419	204701	203932
44	snpSB00366	205120	417	204703	203932
44	snpSB00348	205120	417	204703	203935
44	snpSB00365	205120	415	204705	203938
44	snpSB00320	205120	421	204699	203940
44	snpSB00361	205120	416	204704	203944
44	snpSB00382	205120	411	204709	203950
44	snpSB00368	205120	418	204702	203954
44	snpSB00387	205120	413	204707	203956
44	snpSB00327	205120	418	204702	203957
44	snpSB00372	205120	408	204712	203957
44	snpSB00318	205120	416	204704	203958
44	snpSB00332	205120	441	204679	203958
44	snpSB00362	205120	416	204704	203958
44	snpSB00371	205120	413	204707	203962
44	snpSB00314	205120	411	204709	203963
44	snpSB00335	205120	418	204702	203969
44	snpSB00109	205120	405	204715	203970
44	snpSB00325	205120	403	204717	203972
44	snpSB00315	205120	407	204713	203973
44	snpSB00338	205120	406	204714	203975
44	snpSB00347	205120	407	204713	203975
44	snpSB00370	205120	407	204713	203976
44	snpSB00341	205120	406	204714	203978
44	snpSB00389	205120	403	204717	203979
44	snpSB00328	205120	409	204711	203986
44	snpSB00357	205120	405	204715	203986
44	snpSB00326	205120	403	204717	203987
44	snpSB00345	205120	421	204699	203989
44	snpSB00319	205120	406	204714	203989
44	snpSB00312	205120	404	204716	203990
44	snpSB00376	205120	405	204715	203992
43	snpSB00158	205120	445	204675	203745
43	snpSB00324	205120	442	204678	203794
43	snpSB00369	205120	463	204657	203808
43	snpSB00364	205120	448	204672	203821
43	snpSB00388	205120	444	204676	203833
43	snpSB00106	205120	463	204657	203836
43	snpSB00321	205120	419	204701	203882
43	snpSB00164	205120	417	204703	203887
43	snpSB00313	205120	457	204663	203887
43	snpSB00323	205120	431	204689	203888
43	snpSB00143	205120	415	204705	203903
43	snpSB00359	205120	448	204672	203923
43	snpSB00110	205120	421	204699	203925
43	snpSB00366	205120	419	204701	203926
43	snpSB00348	205120	419	204701	203928
43	snpSB00365	205120	417	204703	203931
43	snpSB00320	205120	423	204697	203934
43	snpSB00361	205120	418	204702	203938
43	snpSB00382	205120	413	204707	203944
43	snpSB00368	205120	420	204700	203948
43	snpSB00362	205120	418	204702	203949
43	snpSB00387	205120	416	204704	203949
43	snpSB00327	205120	420	204700	203951
43	snpSB00372	205120	410	204710	203951
43	snpSB00332	205120	443	204677	203952
43	snpSB00318	205120	418	204702	203952
43	snpSB00314	205120	413	204707	203955
43	snpSB00371	205120	415	204705	203955
43	snpSB00335	205120	420	204700	203957
43	snpSB00109	205120	409	204711	203966
43	snpSB00325	205120	405	204715	203966
43	snpSB00315	205120	409	204711	203967
43	snpSB00338	205120	408	204712	203969
43	snpSB00347	205120	409	204711	203969
43	snpSB00370	205120	409	204711	203970
43	snpSB00341	205120	408	204712	203972
43	snpSB00389	205120	405	204715	203973
43	snpSB00357	205120	407	204713	203979
43	snpSB00328	205120	412	204708	203980
43	snpSB00326	205120	405	204715	203981
43	snpSB00319	205120	408	204712	203983
43	snpSB00345	205120	423	204697	203983
43	snpSB00312	205120	406	204714	203984
42	snpSB00158	205120	448	204672	203737
42	snpSB00324	205120	443	204677	203786
42	snpSB00369	205120	464	204656	203800
42	snpSB00364	205120	449	204671	203807
42	snpSB00388	205120	445	204675	203816
42	snpSB00106	205120	466	204654	203823
42	snpSB00321	205120	423	204697	203857
42	snpSB00164	205120	418	204702	203879
42	snpSB00313	205120	458	204662	203879
42	snpSB00323	205120	432	204688	203880
42	snpSB00143	205120	416	204704	203895
42	snpSB00359	205120	449	204671	203913
42	snpSB00110	205120	422	204698	203917
42	snpSB00348	205120	420	204700	203917
42	snpSB00366	205120	420	204700	203918
42	snpSB00365	205120	419	204701	203924
42	snpSB00320	205120	424	204696	203926
42	snpSB00361	205120	419	204701	203929
42	snpSB00382	205120	414	204706	203932
42	snpSB00362	205120	419	204701	203936
42	snpSB00368	205120	421	204699	203937
42	snpSB00387	205120	417	204703	203941
42	snpSB00327	205120	421	204699	203943
42	snpSB00372	205120	411	204709	203943
42	snpSB00318	205120	419	204701	203944
42	snpSB00332	205120	444	204676	203944
42	snpSB00314	205120	414	204706	203947
42	snpSB00371	205120	416	204704	203947
42	snpSB00335	205120	421	204699	203949
42	snpSB00109	205120	410	204710	203953
42	snpSB00325	205120	406	204714	203958
42	snpSB00315	205120	410	204710	203959
42	snpSB00338	205120	409	204711	203961
42	snpSB00347	205120	410	204710	203961
42	snpSB00370	205120	410	204710	203962
42	snpSB00341	205120	409	204711	203964
42	snpSB00389	205120	406	204714	203964
42	snpSB00357	205120	408	204712	203971
42	snpSB00328	205120	413	204707	203972
42	snpSB00326	205120	406	204714	203973
42	snpSB00319	205120	409	204711	203975
42	snpSB00345	205120	424	204696	203975
41	snpSB00158	205120	466	204654	203728
41	snpSB00324	205120	461	204659	203777
41	snpSB00369	205120	482	204638	203790
41	snpSB00364	205120	467	204653	203798
41	snpSB00388	205120	464	204656	203806
41	snpSB00106	205120	484	204636	203814
41	snpSB00321	205120	441	204679	203847
41	snpSB00313	205120	476	204644	203868
41	snpSB00164	205120	436	204684	203870
41	snpSB00323	205120	450	204670	203870
41	snpSB00143	205120	434	204686	203886
41	snpSB00359	205120	467	204653	203903
41	snpSB00110	205120	440	204680	203907
41	snpSB00348	205120	438	204682	203908
41	snpSB00366	205120	438	204682	203909
41	snpSB00320	205120	442	204678	203915
41	snpSB00365	205120	437	204683	203915
41	snpSB00361	205120	437	204683	203920
41	snpSB00382	205120	438	204682	203925
41	snpSB00362	205120	437	204683	203927
41	snpSB00368	205120	439	204681	203928
41	snpSB00387	205120	435	204685	203930
41	snpSB00327	205120	439	204681	203934
41	snpSB00372	205120	429	204691	203934
41	snpSB00318	205120	437	204683	203935
41	snpSB00332	205120	462	204658	203935
41	snpSB00314	205120	432	204688	203938
41	snpSB00371	205120	434	204686	203938
41	snpSB00335	205120	439	204681	203940
41	snpSB00109	205120	428	204692	203944
41	snpSB00325	205120	424	204696	203949
41	snpSB00315	205120	428	204692	203950
41	snpSB00347	205120	429	204691	203951
41	snpSB00338	205120	428	204692	203953
41	snpSB00370	205120	428	204692	203953
41	snpSB00341	205120	427	204693	203954
41	snpSB00389	205120	424	204696	203955
41	snpSB00357	205120	426	204694	203962
41	snpSB00328	205120	431	204689	203963
41	snpSB00326	205120	424	204696	203964
41	snpSB00319	205120	427	204693	203966
40	snpSB00158	205120	469	204651	203714
40	snpSB00324	205120	464	204656	203765
40	snpSB00369	205120	488	204632	203772
40	snpSB00364	205120	470	204650	203779
40	snpSB00388	205120	467	204653	203795
40	snpSB00106	205120	487	204633	203804
40	snpSB00321	205120	444	204676	203838
40	snpSB00313	205120	479	204641	203853
40	snpSB00323	205120	453	204667	203859
40	snpSB00164	205120	440	204680	203861
40	snpSB00143	205120	437	204683	203877
40	snpSB00320	205120	448	204672	203884
40	snpSB00366	205120	441	204679	203892
40	snpSB00359	205120	470	204650	203894
40	snpSB00110	205120	443	204677	203895
40	snpSB00348	205120	441	204679	203899
40	snpSB00365	205120	440	204680	203905
40	snpSB00318	205120	441	204679	203906
40	snpSB00361	205120	440	204680	203910
40	snpSB00382	205120	441	204679	203910
40	snpSB00368	205120	442	204678	203916
40	snpSB00362	205120	440	204680	203917
40	snpSB00387	205120	438	204682	203917
40	snpSB00372	205120	432	204688	203922
40	snpSB00332	205120	465	204655	203924
40	snpSB00327	205120	442	204678	203925
40	snpSB00371	205120	437	204683	203927
40	snpSB00314	205120	435	204685	203928
40	snpSB00335	205120	442	204678	203931
40	snpSB00109	205120	431	204689	203935
40	snpSB00325	205120	427	204693	203940
40	snpSB00315	205120	431	204689	203941
40	snpSB00347	205120	432	204688	203942
40	snpSB00338	205120	431	204689	203944
40	snpSB00341	205120	430	204690	203944
40	snpSB00370	205120	431	204689	203944
40	snpSB00389	205120	427	204693	203945
40	snpSB00357	205120	429	204691	203953
40	snpSB00326	205120	427	204693	203954
40	snpSB00328	205120	435	204685	203955
39	snpSB00158	205120	482	204638	203698
39	snpSB00324	205120	472	204648	203754
39	snpSB00369	205120	496	204624	203761
39	snpSB00364	205120	478	204642	203767
39	snpSB00388	205120	476	204644	203779
39	snpSB00106	205120	495	204625	203793
39	snpSB00321	205120	452	204668	203825
39	snpSB00313	205120	487	204633	203838
39	snpSB00164	205120	448	204672	203846
39	snpSB00323	205120	461	204659	203847
39	snpSB00143	205120	445	204675	203866
39	snpSB00320	205120	456	204664	203873
39	snpSB00366	205120	450	204670	203878
39	snpSB00359	205120	479	204641	203882
39	snpSB00110	205120	451	204669	203884
39	snpSB00348	205120	449	204671	203888
39	snpSB00318	205120	449	204671	203894
39	snpSB00365	205120	448	204672	203894
39	snpSB00382	205120	449	204671	203894
39	snpSB00361	205120	449	204671	203899
39	snpSB00387	205120	447	204673	203902
39	snpSB00368	205120	450	204670	203905
39	snpSB00362	205120	448	204672	203905
39	snpSB00332	205120	473	204647	203910
39	snpSB00372	205120	440	204680	203911
39	snpSB00327	205120	450	204670	203912
39	snpSB00314	205120	443	204677	203917
39	snpSB00371	205120	446	204674	203917
39	snpSB00335	205120	450	204670	203918
39	snpSB00109	205120	439	204681	203923
39	snpSB00315	205120	439	204681	203929
39	snpSB00325	205120	435	204685	203929
39	snpSB00347	205120	440	204680	203930
39	snpSB00341	205120	438	204682	203931
39	snpSB00370	205120	439	204681	203931
39	snpSB00338	205120	439	204681	203933
39	snpSB00389	205120	435	204685	203933
39	snpSB00357	205120	437	204683	203942
39	snpSB00326	205120	435	204685	203943
38	snpSB00158	205120	482	204638	203681
38	snpSB00324	205120	473	204647	203697
38	snpSB00369	205120	496	204624	203749
38	snpSB00364	205120	478	204642	203755
38	snpSB00388	205120	476	204644	203765
38	snpSB00106	205120	495	204625	203781
38	snpSB00321	205120	452	204668	203809
38	snpSB00313	205120	487	204633	203825
38	snpSB00164	205120	448	204672	203834
38	snpSB00323	205120	461	204659	203835
38	snpSB00143	205120	445	204675	203854
38	snpSB00320	205120	456	204664	203857
38	snpSB00325	205120	446	204674	203861
38	snpSB00366	205120	450	204670	203866
38	snpSB00359	205120	479	204641	203870
38	snpSB00110	205120	451	204669	203872
38	snpSB00348	205120	449	204671	203875
38	snpSB00318	205120	449	204671	203882
38	snpSB00365	205120	448	204672	203882
38	snpSB00382	205120	449	204671	203882
38	snpSB00361	205120	449	204671	203887
38	snpSB00387	205120	447	204673	203890
38	snpSB00362	205120	448	204672	203893
38	snpSB00368	205120	450	204670	203893
38	snpSB00327	205120	450	204670	203898
38	snpSB00332	205120	473	204647	203898
38	snpSB00372	205120	440	204680	203899
38	snpSB00314	205120	443	204677	203905
38	snpSB00335	205120	450	204670	203905
38	snpSB00371	205120	446	204674	203905
38	snpSB00109	205120	439	204681	203909
38	snpSB00315	205120	439	204681	203917
38	snpSB00347	205120	440	204680	203918
38	snpSB00370	205120	439	204681	203918
38	snpSB00341	205120	438	204682	203919
38	snpSB00338	205120	439	204681	203921
38	snpSB00389	205120	435	204685	203921
38	snpSB00357	205120	437	204683	203930
37	snpSB00158	205120	484	204636	203668
37	snpSB00324	205120	475	204645	203684
37	snpSB00369	205120	498	204622	203734
37	snpSB00364	205120	480	204640	203741
37	snpSB00388	205120	478	204642	203752
37	snpSB00106	205120	497	204623	203767
37	snpSB00321	205120	455	204665	203795
37	snpSB00313	205120	489	204631	203812
37	snpSB00164	205120	455	204665	203816
37	snpSB00323	205120	463	204657	203822
37	snpSB00143	205120	447	204673	203839
37	snpSB00320	205120	459	204661	203843
37	snpSB00325	205120	448	204672	203848
37	snpSB00366	205120	452	204668	203851
37	snpSB00359	205120	483	204637	203854
37	snpSB00110	205120	453	204667	203859
37	snpSB00348	205120	451	204669	203862
37	snpSB00318	205120	451	204669	203868
37	snpSB00365	205120	450	204670	203869
37	snpSB00382	205120	451	204669	203869
37	snpSB00361	205120	451	204669	203874
37	snpSB00387	205120	449	204671	203876
37	snpSB00368	205120	452	204668	203879
37	snpSB00362	205120	450	204670	203880
37	snpSB00327	205120	453	204667	203882
37	snpSB00332	205120	475	204645	203884
37	snpSB00335	205120	453	204667	203886
37	snpSB00372	205120	442	204678	203886
37	snpSB00314	205120	445	204675	203892
37	snpSB00371	205120	448	204672	203892
37	snpSB00109	205120	441	204679	203894
37	snpSB00315	205120	441	204679	203904
37	snpSB00370	205120	441	204679	203905
37	snpSB00341	205120	440	204680	203906
37	snpSB00347	205120	444	204676	203907
37	snpSB00338	205120	441	204679	203908
37	snpSB00389	205120	437	204683	203908
36	snpSB00158	205120	489	204631	203639
36	snpSB00324	205120	492	204628	203668
36	snpSB00369	205120	502	204618	203707
36	snpSB00364	205120	484	204636	203718
36	snpSB00388	205120	482	204638	203728
36	snpSB00106	205120	501	204619	203741
36	snpSB00321	205120	459	204661	203767
36	snpSB00313	205120	494	204626	203786
36	snpSB00323	205120	467	204653	203795
36	snpSB00164	205120	462	204658	203797
36	snpSB00143	205120	451	204669	203814
36	snpSB00320	205120	463	204657	203821
36	snpSB00366	205120	456	204664	203825
36	snpSB00325	205120	452	204668	203826
36	snpSB00359	205120	487	204633	203832
36	snpSB00110	205120	457	204663	203836
36	snpSB00348	205120	455	204665	203837
36	snpSB00365	205120	454	204666	203844
36	snpSB00318	205120	455	204665	203845
36	snpSB00361	205120	455	204665	203848
36	snpSB00382	205120	456	204664	203848
36	snpSB00387	205120	453	204667	203852
36	snpSB00368	205120	456	204664	203856
36	snpSB00327	205120	457	204663	203858
36	snpSB00362	205120	454	204666	203858
36	snpSB00332	205120	479	204641	203859
36	snpSB00372	205120	446	204674	203862
36	snpSB00335	205120	457	204663	203864
36	snpSB00314	205120	449	204671	203870
36	snpSB00371	205120	452	204668	203870
36	snpSB00109	205120	445	204675	203872
36	snpSB00315	205120	445	204675	203880
36	snpSB00370	205120	448	204672	203880
36	snpSB00341	205120	444	204676	203884
36	snpSB00389	205120	441	204679	203884
36	snpSB00347	205120	448	204672	203885
35	snpSB00158	205120	496	204624	203616
35	snpSB00324	205120	499	204621	203644
35	snpSB00369	205120	509	204611	203681
35	snpSB00364	205120	491	204629	203693
35	snpSB00388	205120	492	204628	203693
35	snpSB00106	205120	508	204612	203717
35	snpSB00321	205120	466	204654	203741
35	snpSB00323	205120	475	204645	203757
35	snpSB00313	205120	502	204618	203763
35	snpSB00164	205120	471	204649	203767
35	snpSB00320	205120	470	204650	203788
35	snpSB00143	205120	458	204662	203791
35	snpSB00366	205120	464	204656	203798
35	snpSB00325	205120	459	204661	203802
35	snpSB00359	205120	503	204617	203804
35	snpSB00110	205120	464	204656	203813
35	snpSB00348	205120	463	204657	203813
35	snpSB00318	205120	463	204657	203818
35	snpSB00382	205120	463	204657	203821
35	snpSB00365	205120	462	204658	203822
35	snpSB00361	205120	462	204658	203825
35	snpSB00387	205120	460	204660	203825
35	snpSB00368	205120	463	204657	203831
35	snpSB00362	205120	461	204659	203834
35	snpSB00332	205120	486	204634	203835
35	snpSB00327	205120	464	204656	203835
35	snpSB00372	205120	453	204667	203839
35	snpSB00335	205120	464	204656	203841
35	snpSB00314	205120	456	204664	203847
35	snpSB00371	205120	459	204661	203847
35	snpSB00109	205120	452	204668	203849
35	snpSB00315	205120	452	204668	203857
35	snpSB00370	205120	455	204665	203857
35	snpSB00389	205120	448	204672	203860
35	snpSB00341	205120	454	204666	203861
34	snpSB00158	205120	502	204618	203578
34	snpSB00324	205120	505	204615	203611
34	snpSB00369	205120	515	204605	203655
34	snpSB00388	205120	499	204621	203656
34	snpSB00364	205120	497	204623	203661
34	snpSB00106	205120	514	204606	203689
34	snpSB00323	205120	487	204633	203713
34	snpSB00321	205120	472	204648	203716
34	snpSB00313	205120	508	204612	203723
34	snpSB00164	205120	481	204639	203727
34	snpSB00359	205120	512	204608	203748
34	snpSB00320	205120	477	204643	203751
34	snpSB00143	205120	464	204656	203762
34	snpSB00366	205120	472	204648	203765
34	snpSB00325	205120	465	204655	203771
34	snpSB00318	205120	469	204651	203780
34	snpSB00348	205120	469	204651	203786
34	snpSB00110	205120	470	204650	203787
34	snpSB00382	205120	469	204651	203791
34	snpSB00387	205120	467	204653	203793
34	snpSB00361	205120	468	204652	203799
34	snpSB00365	205120	470	204650	203800
34	snpSB00368	205120	469	204651	203804
34	snpSB00362	205120	467	204653	203808
34	snpSB00332	205120	493	204627	203810
34	snpSB00327	205120	471	204649	203810
34	snpSB00372	205120	460	204660	203810
34	snpSB00335	205120	471	204649	203813
34	snpSB00314	205120	462	204658	203818
34	snpSB00371	205120	465	204655	203822
34	snpSB00109	205120	458	204662	203824
34	snpSB00370	205120	461	204659	203830
34	snpSB00315	205120	458	204662	203833
34	snpSB00389	205120	454	204666	203836
33	snpSB00158	205120	503	204617	203549
33	snpSB00324	205120	508	204612	203580
33	snpSB00388	205120	503	204617	203615
33	snpSB00369	205120	515	204605	203618
33	snpSB00364	205120	499	204621	203628
33	snpSB00106	205120	515	204605	203657
33	snpSB00323	205120	487	204633	203685
33	snpSB00321	205120	474	204646	203689
33	snpSB00313	205120	510	204610	203695
33	snpSB00164	205120	482	204638	203700
33	snpSB00320	205120	478	204642	203718
33	snpSB00359	205120	512	204608	203719
33	snpSB00143	205120	464	204656	203731
33	snpSB00366	205120	475	204645	203737
33	snpSB00325	205120	465	204655	203744
33	snpSB00318	205120	470	204650	203756
33	snpSB00348	205120	469	204651	203760
33	snpSB00382	205120	469	204651	203760
33	snpSB00110	205120	472	204648	203764
33	snpSB00387	205120	467	204653	203765
33	snpSB00361	205120	468	204652	203772
33	snpSB00365	205120	470	204650	203775
33	snpSB00362	205120	468	204652	203776
33	snpSB00368	205120	470	204650	203777
33	snpSB00332	205120	493	204627	203781
33	snpSB00335	205120	471	204649	203781
33	snpSB00327	205120	471	204649	203785
33	snpSB00372	205120	460	204660	203785
33	snpSB00314	205120	462	204658	203790
33	snpSB00109	205120	458	204662	203795
33	snpSB00371	205120	465	204655	203797
33	snpSB00370	205120	461	204659	203804
33	snpSB00315	205120	458	204662	203808
32	snpSB00158	205120	508	204612	203514
32	snpSB00324	205120	512	204608	203544
32	snpSB00364	205120	505	204615	203579
32	snpSB00388	205120	508	204612	203580
32	snpSB00369	205120	521	204599	203587
32	snpSB00106	205120	519	204601	203627
32	snpSB00321	205120	478	204642	203651
32	snpSB00323	205120	492	204628	203653
32	snpSB00313	205120	517	204603	203654
32	snpSB00164	205120	486	204634	203664
32	snpSB00359	205120	516	204604	203687
32	snpSB00143	205120	469	204651	203688
32	snpSB00320	205120	482	204638	203689
32	snpSB00366	205120	479	204641	203706
32	snpSB00325	205120	469	204651	203715
32	snpSB00318	205120	475	204645	203727
32	snpSB00348	205120	473	204647	203730
32	snpSB00382	205120	473	204647	203730
32	snpSB00387	205120	471	204649	203730
32	snpSB00362	205120	474	204646	203733
32	snpSB00110	205120	476	204644	203735
32	snpSB00335	205120	479	204641	203739
32	snpSB00368	205120	475	204645	203739
32	snpSB00361	205120	473	204647	203741
32	snpSB00365	205120	475	204645	203746
32	snpSB00372	205120	467	204653	203749
32	snpSB00327	205120	477	204643	203750
32	snpSB00314	205120	466	204654	203752
32	snpSB00332	205120	499	204621	203755
32	snpSB00109	205120	462	204658	203765
32	snpSB00371	205120	469	204651	203769
32	snpSB00370	205120	465	204655	203772
31	snpSB00158	205120	516	204604	203461
31	snpSB00324	205120	519	204601	203504
31	snpSB00364	205120	512	204608	203533
31	snpSB00388	205120	515	204605	203535
31	snpSB00369	205120	530	204590	203553
31	snpSB00106	205120	526	204594	203586
31	snpSB00321	205120	487	204633	203601
31	snpSB00313	205120	526	204594	203607
31	snpSB00323	205120	501	204619	203611
31	snpSB00164	205120	495	204625	203615
31	snpSB00359	205120	523	204597	203644
31	snpSB00143	205120	478	204642	203651
31	snpSB00320	205120	489	204631	203653
31	snpSB00366	205120	492	204628	203662
31	snpSB00325	205120	476	204644	203674
31	snpSB00318	205120	482	204638	203681
31	snpSB00362	205120	483	204637	203686
31	snpSB00348	205120	480	204640	203688
31	snpSB00382	205120	480	204640	203690
31	snpSB00387	205120	478	204642	203692
31	snpSB00361	205120	487	204633	203694
31	snpSB00368	205120	483	204637	203694
31	snpSB00335	205120	487	204633	203698
31	snpSB00110	205120	483	204637	203699
31	snpSB00327	205120	484	204636	203703
31	snpSB00365	205120	483	204637	203709
31	snpSB00372	205120	476	204644	203711
31	snpSB00314	205120	473	204647	203715
31	snpSB00332	205120	509	204611	203715
31	snpSB00109	205120	469	204651	203728
31	snpSB00371	205120	476	204644	203731
30	snpSB00158	205120	533	204587	203400
30	snpSB00388	205120	538	204582	203458
30	snpSB00324	205120	530	204590	203461
30	snpSB00364	205120	530	204590	203466
30	snpSB00369	205120	543	204577	203505
30	snpSB00321	205120	499	204621	203542
30	snpSB00106	205120	537	204583	203544
30	snpSB00323	205120	514	204606	203546
30	snpSB00313	205120	537	204583	203563
30	snpSB00164	205120	506	204614	203566
30	snpSB00359	205120	535	204585	203601
30	snpSB00143	205120	489	204631	203610
30	snpSB00320	205120	503	204617	203613
30	snpSB00366	205120	504	204616	203614
30	snpSB00325	205120	487	204633	203633
30	snpSB00387	205120	489	204631	203636
30	snpSB00362	205120	494	204626	203639
30	snpSB00318	205120	493	204627	203640
30	snpSB00348	205120	491	204629	203642
30	snpSB00382	205120	491	204629	203646
30	snpSB00368	205120	495	204625	203647
30	snpSB00110	205120	495	204625	203648
30	snpSB00361	205120	498	204622	203651
30	snpSB00335	205120	500	204620	203659
30	snpSB00327	205120	495	204625	203661
30	snpSB00365	205120	494	204626	203664
30	snpSB00372	205120	487	204633	203668
30	snpSB00332	205120	521	204599	203672
30	snpSB00314	205120	484	204636	203674
30	snpSB00109	205120	481	204639	203687
29	snpSB00158	205120	541	204579	203352
29	snpSB00388	205120	552	204568	203400
29	snpSB00324	205120	535	204585	203407
29	snpSB00364	205120	535	204585	203412
29	snpSB00369	205120	550	204570	203460
29	snpSB00106	205120	542	204578	203492
29	snpSB00323	205120	521	204599	203494
29	snpSB00321	205120	507	204613	203499
29	snpSB00164	205120	511	204609	203514
29	snpSB00313	205120	542	204578	203515
29	snpSB00359	205120	540	204580	203552
29	snpSB00366	205120	513	204607	203557
29	snpSB00320	205120	508	204612	203562
29	snpSB00143	205120	496	204624	203564
29	snpSB00387	205120	499	204621	203586
29	snpSB00110	205120	501	204619	203588
29	snpSB00318	205120	501	204619	203588
29	snpSB00325	205120	494	204626	203590
29	snpSB00362	205120	502	204618	203591
29	snpSB00348	205120	496	204624	203597
29	snpSB00368	205120	500	204620	203597
29	snpSB00382	205120	497	204623	203600
29	snpSB00327	205120	500	204620	203605
29	snpSB00361	205120	503	204617	203607
29	snpSB00365	205120	499	204621	203611
29	snpSB00372	205120	494	204626	203614
29	snpSB00335	205120	506	204614	203615
29	snpSB00332	205120	526	204594	203622
29	snpSB00314	205120	490	204630	203630
28	snpSB00158	205120	556	204564	203263
28	snpSB00388	205120	562	204558	203328
28	snpSB00364	205120	550	204570	203330
28	snpSB00324	205120	544	204576	203338
28	snpSB00369	205120	561	204559	203389
28	snpSB00106	205120	552	204568	203417
28	snpSB00323	205120	533	204587	203423
28	snpSB00321	205120	521	204599	203428
28	snpSB00313	205120	556	204564	203435
28	snpSB00164	205120	521	204599	203446
28	snpSB00320	205120	518	204602	203485
28	snpSB00366	205120	526	204594	203489
28	snpSB00359	205120	549	204571	203491
28	snpSB00143	205120	511	204609	203500
28	snpSB00368	205120	515	204605	203518
28	snpSB00325	205120	503	204617	203524
28	snpSB00387	205120	511	204609	203527
28	snpSB00110	205120	510	204610	203529
28	snpSB00382	205120	506	204614	203529
28	snpSB00318	205120	510	204610	203530
28	snpSB00348	205120	505	204615	203530
28	snpSB00362	205120	515	204605	203534
28	snpSB00327	205120	510	204610	203543
28	snpSB00361	205120	512	204608	203544
28	snpSB00365	205120	508	204612	203553
28	snpSB00372	205120	503	204617	203554
28	snpSB00335	205120	517	204603	203556
28	snpSB00332	205120	535	204585	203561
27	snpSB00158	205120	607	204513	203178
27	snpSB00388	205120	609	204511	203242
27	snpSB00364	205120	596	204524	203249
27	snpSB00324	205120	589	204531	203259
27	snpSB00369	205120	606	204514	203315
27	snpSB00106	205120	598	204522	203343
27	snpSB00323	205120	580	204540	203344
27	snpSB00321	205120	570	204550	203355
27	snpSB00313	205120	618	204502	203356
27	snpSB00164	205120	569	204551	203356
27	snpSB00366	205120	577	204543	203404
27	snpSB00320	205120	565	204555	203412
27	snpSB00359	205120	599	204521	203415
27	snpSB00143	205120	556	204564	203428
27	snpSB00362	205120	562	204558	203437
27	snpSB00368	205120	563	204557	203439
27	snpSB00325	205120	548	204572	203447
27	snpSB00387	205120	557	204563	203447
27	snpSB00382	205120	551	204569	203451
27	snpSB00348	205120	550	204570	203456
27	snpSB00110	205120	555	204565	203458
27	snpSB00318	205120	558	204562	203458
27	snpSB00327	205120	557	204563	203467
27	snpSB00335	205120	562	204558	203468
27	snpSB00361	205120	558	204562	203468
27	snpSB00372	205120	556	204564	203474
27	snpSB00365	205120	553	204567	203481
26	snpSB00158	205120	627	204493	203081
26	snpSB00364	205120	617	204503	203103
26	snpSB00388	205120	628	204492	203134
26	snpSB00324	205120	638	204482	203182
26	snpSB00369	205120	625	204495	203212
26	snpSB00323	205120	601	204519	203232
26	snpSB00164	205120	590	204530	203245
26	snpSB00321	205120	593	204527	203256
26	snpSB00106	205120	616	204504	203261
26	snpSB00313	205120	636	204484	203270
26	snpSB00366	205120	595	204525	203290
26	snpSB00387	205120	580	204540	203318
26	snpSB00320	205120	583	204537	203319
26	snpSB00359	205120	624	204496	203319
26	snpSB00143	205120	575	204545	203333
26	snpSB00368	205120	582	204538	203345
26	snpSB00362	205120	583	204537	203353
26	snpSB00110	205120	579	204541	203359
26	snpSB00382	205120	572	204548	203361
26	snpSB00325	205120	567	204553	203368
26	snpSB00348	205120	569	204551	203372
26	snpSB00318	205120	577	204543	203376
26	snpSB00335	205120	580	204540	203383
26	snpSB00327	205120	575	204545	203383
26	snpSB00361	205120	576	204544	203386
26	snpSB00372	205120	576	204544	203393
25	snpSB00158	205120	650	204470	202956
25	snpSB00364	205120	642	204478	202988
25	snpSB00388	205120	653	204467	203022
25	snpSB00324	205120	661	204459	203087
25	snpSB00369	205120	655	204465	203093
25	snpSB00323	205120	625	204495	203130
25	snpSB00164	205120	615	204505	203137
25	snpSB00313	205120	666	204454	203149
25	snpSB00366	205120	628	204492	203156
25	snpSB00106	205120	641	204479	203158
25	snpSB00321	205120	617	204503	203159
25	snpSB00359	205120	650	204470	203206
25	snpSB00387	205120	606	204514	203209
25	snpSB00320	205120	611	204509	203215
25	snpSB00143	205120	598	204522	203217
25	snpSB00368	205120	618	204502	203239
25	snpSB00362	205120	606	204514	203251
25	snpSB00382	205120	599	204521	203255
25	snpSB00110	205120	604	204516	203271
25	snpSB00327	205120	615	204505	203276
25	snpSB00325	205120	591	204529	203276
25	snpSB00348	205120	593	204527	203279
25	snpSB00318	205120	604	204516	203281
25	snpSB00335	205120	603	204517	203282
25	snpSB00361	205120	600	204520	203289
24	snpSB00158	205120	682	204438	202811
24	snpSB00364	205120	668	204452	202839
24	snpSB00388	205120	684	204436	202891
24	snpSB00369	205120	681	204439	202931
24	snpSB00324	205120	687	204433	202956
24	snpSB00323	205120	651	204469	202995
24	snpSB00321	205120	659	204461	203006
24	snpSB00164	205120	644	204476	203015
24	snpSB00366	205120	652	204468	203016
24	snpSB00313	205120	706	204414	203024
24	snpSB00106	205120	672	204448	203033
24	snpSB00359	205120	676	204444	203085
24	snpSB00387	205120	631	204489	203094
24	snpSB00320	205120	638	204482	203106
24	snpSB00143	205120	632	204488	203108
24	snpSB00362	205120	633	204487	203120
24	snpSB00368	205120	644	204476	203129
24	snpSB00382	205120	623	204497	203139
24	snpSB00327	205120	644	204476	203156
24	snpSB00110	205120	629	204491	203160
24	snpSB00348	205120	624	204496	203160
24	snpSB00325	205120	615	204505	203164
24	snpSB00335	205120	628	204492	203165
24	snpSB00318	205120	628	204492	203167
23	snpSB00158	205120	713	204407	202656
23	snpSB00364	205120	706	204414	202681
23	snpSB00388	205120	724	204396	202711
23	snpSB00369	205120	712	204408	202779
23	snpSB00324	205120	715	204405	202820
23	snpSB00323	205120	680	204440	202832
23	snpSB00164	205120	684	204436	202866
23	snpSB00321	205120	694	204426	202870
23	snpSB00366	205120	692	204428	202871
23	snpSB00313	205120	739	204381	202895
23	snpSB00106	205120	700	204420	202904
23	snpSB00320	205120	692	204428	202929
23	snpSB00387	205120	661	204459	202939
23	snpSB00359	205120	711	204409	202963
23	snpSB00143	205120	660	204460	202977
23	snpSB00362	205120	665	204455	202977
23	snpSB00368	205120	683	204437	202981
23	snpSB00382	205120	654	204466	203006
23	snpSB00110	205120	657	204463	203025
23	snpSB00325	205120	643	204477	203026
23	snpSB00348	205120	653	204467	203028
23	snpSB00327	205120	673	204447	203030
23	snpSB00335	205120	658	204462	203031
22	snpSB00158	205120	753	204367	202463
22	snpSB00364	205120	748	204372	202491
22	snpSB00388	205120	767	204353	202556
22	snpSB00369	205120	746	204374	202625
22	snpSB00324	205120	746	204374	202660
22	snpSB00323	205120	713	204407	202674
22	snpSB00366	205120	727	204393	202688
22	snpSB00321	205120	729	204391	202710
22	snpSB00164	205120	723	204397	202712
22	snpSB00313	205120	792	204328	202731
22	snpSB00106	205120	731	204389	202751
22	snpSB00320	205120	732	204388	202774
22	snpSB00387	205120	701	204419	202790
22	snpSB00359	205120	742	204378	202798
22	snpSB00362	205120	703	204417	202802
22	snpSB00368	205120	718	204402	202831
22	snpSB00143	205120	695	204425	202832
22	snpSB00382	205120	686	204434	202850
22	snpSB00348	205120	683	204437	202867
22	snpSB00327	205120	710	204410	202868
22	snpSB00325	205120	675	204445	202873
22	snpSB00110	205120	687	204433	202886
21	snpSB00158	205120	784	204336	202303
21	snpSB00364	205120	779	204341	202309
21	snpSB00388	205120	801	204319	202365
21	snpSB00369	205120	801	204319	202437
21	snpSB00324	205120	804	204316	202489
21	snpSB00323	205120	746	204374	202496
21	snpSB00366	205120	766	204354	202512
21	snpSB00321	205120	761	204359	202532
21	snpSB00164	205120	758	204362	202537
21	snpSB00106	205120	762	204358	202561
21	snpSB00313	205120	829	204291	202570
21	snpSB00320	205120	772	204348	202582
21	snpSB00387	205120	742	204378	202622
21	snpSB00359	205120	775	204345	202630
21	snpSB00362	205120	733	204387	202639
21	snpSB00368	205120	750	204370	202647
21	snpSB00143	205120	730	204390	202659
21	snpSB00382	205120	717	204403	202679
21	snpSB00327	205120	747	204373	202706
21	snpSB00325	205120	705	204415	202712
21	snpSB00348	205120	712	204408	202717
20	snpSB00364	205120	820	204300	202068
20	snpSB00158	205120	845	204275	202072
20	snpSB00388	205120	840	204280	202167
20	snpSB00369	205120	837	204283	202200
20	snpSB00324	205120	831	204289	202272
20	snpSB00323	205120	777	204343	202288
20	snpSB00366	205120	813	204307	202304
20	snpSB00321	205120	797	204323	202330
20	snpSB00164	205120	794	204326	202331
20	snpSB00106	205120	795	204325	202341
20	snpSB00313	205120	862	204258	202368
20	snpSB00320	205120	806	204314	202394
20	snpSB00387	205120	768	204352	202426
20	snpSB00362	205120	760	204360	202436
20	snpSB00368	205120	781	204339	202440
20	snpSB00359	205120	800	204320	202441
20	snpSB00143	205120	756	204364	202471
20	snpSB00382	205120	745	204375	202480
20	snpSB00327	205120	773	204347	202529
20	snpSB00325	205120	731	204389	202532
19	snpSB00324	205120	969	204151	201762
19	snpSB00364	205120	844	204276	201815
19	snpSB00158	205120	874	204246	201823
19	snpSB00388	205120	863	204257	201921
19	snpSB00369	205120	857	204263	201983
19	snpSB00366	205120	833	204287	202037
19	snpSB00323	205120	800	204320	202087
19	snpSB00321	205120	822	204298	202102
19	snpSB00164	205120	814	204306	202115
19	snpSB00313	205120	883	204237	202118
19	snpSB00106	205120	815	204305	202144
19	snpSB00320	205120	839	204281	202182
19	snpSB00362	205120	780	204340	202207
19	snpSB00387	205120	797	204323	202213
19	snpSB00368	205120	801	204319	202242
19	snpSB00359	205120	819	204301	202244
19	snpSB00143	205120	776	204344	202256
19	snpSB00382	205120	765	204355	202281
19	snpSB00327	205120	795	204325	202306
18	snpSB00324	205120	1051	204069	201469
18	snpSB00158	205120	957	204163	201492
18	snpSB00364	205120	941	204179	201561
18	snpSB00388	205120	930	204190	201633
18	snpSB00369	205120	925	204195	201717
18	snpSB00366	205120	905	204215	201749
18	snpSB00321	205120	899	204221	201783
18	snpSB00323	205120	868	204252	201823
18	snpSB00164	205120	881	204239	201826
18	snpSB00313	205120	984	204136	201843
18	snpSB00106	205120	893	204227	201900
18	snpSB00320	205120	919	204201	201902
18	snpSB00362	205120	850	204270	201911
18	snpSB00387	205120	861	204259	201952
18	snpSB00368	205120	870	204250	201981
18	snpSB00359	205120	905	204215	201990
18	snpSB00143	205120	849	204271	201991
18	snpSB00382	205120	841	204279	201993
17	snpSB00324	205120	1109	204011	201016
17	snpSB00158	205120	1026	204094	201059
17	snpSB00364	205120	1007	204113	201086
17	snpSB00388	205120	1000	204120	201202
17	snpSB00369	205120	996	204124	201301
17	snpSB00366	205120	969	204151	201317
17	snpSB00321	205120	966	204154	201322
17	snpSB00313	205120	1078	204042	201351
17	snpSB00323	205120	924	204196	201384
17	snpSB00164	205120	942	204178	201479
17	snpSB00320	205120	975	204145	201489
17	snpSB00106	205120	950	204170	201530
17	snpSB00362	205120	915	204205	201532
17	snpSB00387	205120	917	204203	201539
17	snpSB00368	205120	940	204180	201582
17	snpSB00359	205120	962	204158	201620
17	snpSB00143	205120	907	204213	201624
16	snpSB00324	205120	1262	203858	200425
16	snpSB00158	205120	1146	203974	200505
16	snpSB00364	205120	1093	204027	200584
16	snpSB00388	205120	1085	204035	200702
16	snpSB00369	205120	1079	204041	200753
16	snpSB00366	205120	1051	204069	200816
16	snpSB00321	205120	1060	204060	200858
16	snpSB00313	205120	1170	203950	200862
16	snpSB00323	205120	1002	204118	200899
16	snpSB00362	205120	1003	204117	200981
16	snpSB00164	205120	1031	204089	200996
16	snpSB00320	205120	1045	204075	201049
16	snpSB00387	205120	991	204129	201059
16	snpSB00106	205120	1033	204087	201082
16	snpSB00368	205120	1010	204110	201135
16	snpSB00359	205120	1040	204080	201190
15	snpSB00324	205120	1420	203700	199808
15	snpSB00158	205120	1309	203811	199923
15	snpSB00364	205120	1247	203873	199949
15	snpSB00366	205120	1221	203899	200119
15	snpSB00388	205120	1258	203862	200121
15	snpSB00369	205120	1235	203885	200159
15	snpSB00321	205120	1239	203881	200243
15	snpSB00313	205120	1324	203796	200254
15	snpSB00323	205120	1180	203940	200298
15	snpSB00362	205120	1160	203960	200412
15	snpSB00164	205120	1202	203918	200426
15	snpSB00320	205120	1208	203912	200455
15	snpSB00387	205120	1158	203962	200485
15	snpSB00368	205120	1154	203966	200566
15	snpSB00106	205120	1175	203945	200576
14	snpSB00324	205120	1613	203507	198993
14	snpSB00158	205120	1529	203591	199010
14	snpSB00364	205120	1456	203664	199096
14	snpSB00388	205120	1445	203675	199268
14	snpSB00366	205120	1385	203735	199333
14	snpSB00321	205120	1406	203714	199432
14	snpSB00369	205120	1486	203634	199447
14	snpSB00313	205120	1497	203623	199461
14	snpSB00323	205120	1335	203785	199525
14	snpSB00362	205120	1332	203788	199603
14	snpSB00164	205120	1348	203772	199692
14	snpSB00320	205120	1362	203758	199696
14	snpSB00387	205120	1306	203814	199756
14	snpSB00368	205120	1319	203801	199844
13	snpSB00324	205120	1809	203311	197845
13	snpSB00364	205120	1682	203438	197897
13	snpSB00158	205120	1723	203397	197899
13	snpSB00388	205120	1653	203467	198238
13	snpSB00366	205120	1588	203532	198261
13	snpSB00313	205120	1703	203417	198363
13	snpSB00369	205120	1691	203429	198366
13	snpSB00321	205120	1614	203506	198399
13	snpSB00323	205120	1526	203594	198466
13	snpSB00362	205120	1539	203581	198480
13	snpSB00164	205120	1538	203582	198682
13	snpSB00320	205120	1546	203574	198693
13	snpSB00387	205120	1492	203628	198699
12	snpSB00364	205120	1968	203152	195847
12	snpSB00158	205120	1962	203158	196094
12	snpSB00324	205120	2061	203059	196119
12	snpSB00388	205120	1927	203193	196389
12	snpSB00323	205120	1830	203290	196390
12	snpSB00366	205120	1880	203240	196429
12	snpSB00369	205120	1961	203159	196660
12	snpSB00313	205120	1921	203199	196720
12	snpSB00320	205120	1824	203296	196740
12	snpSB00321	205120	1885	203235	196809
12	snpSB00362	205120	1838	203282	196846
12	snpSB00164	205120	1776	203344	197013
11	snpSB00364	205120	2396	202724	193059
11	snpSB00324	205120	2514	202606	193451
11	snpSB00158	205120	2403	202717	193556
11	snpSB00323	205120	2256	202864	193866
11	snpSB00388	205120	2504	202616	194019
11	snpSB00366	205120	2328	202792	194121
11	snpSB00369	205120	2345	202775	194170
11	snpSB00313	205120	2307	202813	194309
11	snpSB00321	205120	2354	202766	194314
11	snpSB00320	205120	2211	202909	194335
11	snpSB00362	205120	2249	202871	194551
10	snpSB00364	205120	3143	201977	189286
10	snpSB00324	205120	3313	201807	189418
10	snpSB00158	205120	3114	202006	189837
10	snpSB00323	205120	2874	202246	190286
10	snpSB00388	205120	3353	201767	190555
10	snpSB00366	205120	3053	202067	190569
10	snpSB00313	205120	2991	202129	190709
10	snpSB00369	205120	3020	202100	190727
10	snpSB00321	205120	3058	202062	190757
10	snpSB00320	205120	2891	202229	190866
9	snpSB00364	205120	4241	200879	183331
9	snpSB00324	205120	4412	200708	183554
9	snpSB00158	205120	4195	200925	184072
9	snpSB00323	205120	3920	201200	184666
9	snpSB00366	205120	4037	201083	185018
9	snpSB00388	205120	4446	200674	185171
9	snpSB00313	205120	3993	201127	185437
9	snpSB00369	205120	4068	201052	185507
9	snpSB00321	205120	4070	201050	185674
8	snpSB00324	205120	6287	198833	174886
8	snpSB00364	205120	6203	198917	175210
8	snpSB00158	205120	6162	198958	176408
8	snpSB00323	205120	5781	199339	176854
8	snpSB00388	205120	6206	198914	177782
8	snpSB00366	205120	5755	199365	177838
8	snpSB00313	205120	5792	199328	177887
8	snpSB00369	205120	5750	199370	177941
7	snpSB00324	205120	9274	195846	162388
7	snpSB00364	205120	9216	195904	163010
7	snpSB00158	205120	8891	196229	164526
7	snpSB00323	205120	8877	196243	165410
7	snpSB00313	205120	8363	196757	166153
7	snpSB00366	205120	8325	196795	166773
7	snpSB00388	205120	8733	196387	167167
6	snpSB00324	205120	14183	190937	145899
6	snpSB00364	205120	14281	190839	146688
6	snpSB00158	205120	13613	191507	149019
6	snpSB00323	205120	13675	191445	149634
6	snpSB00313	205120	12965	192155	150495
6	snpSB00366	205120	12901	192219	151671
5	snpSB00324	205120	22119	183001	123031
5	snpSB00364	205120	21827	183293	124433
5	snpSB00158	205120	20239	184881	126721
5	snpSB00323	205120	20759	184361	127451
5	snpSB00313	205120	20109	185011	128275
