marker_count	marker	total_combinations	zero_count	min_one_count	min_two_count
5	snpPG00071	17578	1830	15748	10617
5	snpPG00098	17578	1831	15747	10749
5	snpPG00078	17578	1759	15819	10764
5	snpPG00048	17578	1708	15870	10815
5	snpPG00088	17578	1705	15873	10826
6	snpPG00071	17578	1074	16504	12834
6	snpPG00078	17578	1023	16555	12911
6	snpPG00048	17578	981	16597	12965
6	snpPG00098	17578	1079	16499	12977
6	snpPG00088	17578	999	16579	12980
6	snpPG00050	17578	1067	16511	13013
7	snpPG00071	17578	708	16870	14315
7	snpPG00098	17578	689	16889	14353
7	snpPG00050	17578	718	16860	14404
7	snpPG00078	17578	677	16901	14427
7	snpPG00088	17578	639	16939	14429
7	snpPG00048	17578	616	16962	14490
7	snpPG00067	17578	628	16950	14495
8	snpPG00071	17578	457	17121	15313
8	snpPG00098	17578	459	17119	15369
8	snpPG00050	17578	484	17094	15385
8	snpPG00078	17578	438	17140	15404
8	snpPG00088	17578	426	17152	15439
8	snpPG00048	17578	397	17181	15441
8	snpPG00067	17578	434	17144	15444
8	snpPG00076	17578	424	17154	15447
9	snpPG00071	17578	307	17271	15968
9	snpPG00098	17578	312	17266	16005
9	snpPG00050	17578	336	17242	16014
9	snpPG00048	17578	271	17307	16045
9	snpPG00078	17578	299	17279	16046
9	snpPG00076	17578	290	17288	16064
9	snpPG00067	17578	282	17296	16077
9	snpPG00088	17578	279	17299	16094
9	snpPG00075	17578	293	17285	16110
10	snpPG00071	17578	235	17343	16421
10	snpPG00050	17578	272	17306	16445
10	snpPG00078	17578	222	17356	16464
10	snpPG00098	17578	235	17343	16480
10	snpPG00048	17578	218	17360	16493
10	snpPG00076	17578	214	17364	16500
10	snpPG00088	17578	208	17370	16507
10	snpPG00067	17578	219	17359	16510
10	snpPG00075	17578	228	17350	16511
10	snpPG00090	17578	201	17377	16517
11	snpPG00050	17578	205	17373	16733
11	snpPG00071	17578	173	17405	16741
11	snpPG00098	17578	175	17403	16761
11	snpPG00078	17578	158	17420	16763
11	snpPG00088	17578	157	17421	16782
11	snpPG00075	17578	173	17405	16787
11	snpPG00048	17578	158	17420	16789
11	snpPG00076	17578	164	17414	16795
11	snpPG00067	17578	174	17404	16804
11	snpPG00090	17578	152	17426	16806
11	snpPG00096	17578	165	17413	16811
12	snpPG00050	17578	163	17415	16928
12	snpPG00071	17578	124	17454	16936
12	snpPG00098	17578	142	17436	16956
12	snpPG00076	17578	133	17445	16972
12	snpPG00090	17578	116	17462	16976
12	snpPG00075	17578	142	17436	16984
12	snpPG00078	17578	124	17454	16985
12	snpPG00088	17578	124	17454	16986
12	snpPG00048	17578	120	17458	16993
12	snpPG00067	17578	147	17431	16994
12	snpPG00096	17578	130	17448	17000
12	snpPG00062	17578	128	17450	17004
13	snpPG00050	17578	132	17446	17053
13	snpPG00071	17578	101	17477	17072
13	snpPG00098	17578	112	17466	17090
13	snpPG00078	17578	98	17480	17094
13	snpPG00062	17578	106	17472	17102
13	snpPG00076	17578	112	17466	17105
13	snpPG00075	17578	123	17455	17107
13	snpPG00067	17578	119	17459	17110
13	snpPG00096	17578	104	17474	17111
13	snpPG00088	17578	97	17481	17114
13	snpPG00048	17578	96	17482	17117
13	snpPG00090	17578	94	17484	17120
13	snpPG00068	17578	105	17473	17140
14	snpPG00050	17578	120	17458	17146
14	snpPG00071	17578	87	17491	17177
14	snpPG00098	17578	102	17476	17181
14	snpPG00075	17578	111	17467	17184
14	snpPG00076	17578	102	17476	17184
14	snpPG00078	17578	86	17492	17187
14	snpPG00067	17578	110	17468	17188
14	snpPG00062	17578	92	17486	17199
14	snpPG00088	17578	89	17489	17204
14	snpPG00048	17578	88	17490	17208
14	snpPG00096	17578	93	17485	17212
14	snpPG00090	17578	87	17491	17217
14	snpPG00068	17578	97	17481	17222
14	snpPG00049	17578	87	17491	17223
15	snpPG00050	17578	112	17466	17214
15	snpPG00075	17578	105	17473	17223
15	snpPG00067	17578	105	17473	17235
15	snpPG00098	17578	92	17486	17243
15	snpPG00076	17578	93	17485	17246
15	snpPG00078	17578	81	17497	17250
15	snpPG00071	17578	81	17497	17253
15	snpPG00062	17578	86	17492	17258
15	snpPG00048	17578	80	17498	17259
15	snpPG00088	17578	83	17495	17262
15	snpPG00096	17578	85	17493	17270
15	snpPG00090	17578	83	17495	17274
15	snpPG00049	17578	81	17497	17277
15	snpPG00068	17578	90	17488	17278
15	snpPG00057	17578	81	17497	17280
16	snpPG00050	17578	107	17471	17252
16	snpPG00075	17578	97	17481	17264
16	snpPG00067	17578	98	17480	17280
16	snpPG00076	17578	85	17493	17290
16	snpPG00098	17578	85	17493	17290
16	snpPG00062	17578	83	17495	17300
16	snpPG00071	17578	77	17501	17301
16	snpPG00078	17578	76	17502	17303
16	snpPG00096	17578	81	17497	17305
16	snpPG00048	17578	77	17501	17306
16	snpPG00088	17578	80	17498	17310
16	snpPG00068	17578	84	17494	17314
16	snpPG00057	17578	77	17501	17315
16	snpPG00090	17578	78	17500	17315
16	snpPG00049	17578	78	17500	17317
16	snpPG00097	17578	77	17501	17318
17	snpPG00050	17578	96	17482	17284
17	snpPG00075	17578	89	17489	17300
17	snpPG00067	17578	90	17488	17305
17	snpPG00098	17578	75	17503	17327
17	snpPG00076	17578	75	17503	17330
17	snpPG00062	17578	74	17504	17331
17	snpPG00071	17578	69	17509	17335
17	snpPG00048	17578	68	17510	17337
17	snpPG00078	17578	69	17509	17337
17	snpPG00096	17578	73	17505	17338
17	snpPG00088	17578	72	17506	17340
17	snpPG00068	17578	74	17504	17341
17	snpPG00057	17578	69	17509	17342
17	snpPG00049	17578	71	17507	17346
17	snpPG00090	17578	71	17507	17346
17	snpPG00097	17578	70	17508	17346
17	snpPG00093	17578	74	17504	17348
18	snpPG00050	17578	92	17486	17308
18	snpPG00075	17578	85	17493	17325
18	snpPG00067	17578	87	17491	17326
18	snpPG00062	17578	69	17509	17353
18	snpPG00076	17578	70	17508	17353
18	snpPG00098	17578	70	17508	17357
18	snpPG00096	17578	69	17509	17360
18	snpPG00071	17578	64	17514	17361
18	snpPG00068	17578	71	17507	17365
18	snpPG00049	17578	68	17510	17367
18	snpPG00078	17578	64	17514	17367
18	snpPG00048	17578	65	17513	17368
18	snpPG00057	17578	66	17512	17368
18	snpPG00088	17578	69	17509	17368
18	snpPG00093	17578	69	17509	17368
18	snpPG00097	17578	65	17513	17368
18	snpPG00053	17578	67	17511	17371
18	snpPG00090	17578	67	17511	17371
19	snpPG00050	17578	91	17487	17326
19	snpPG00075	17578	85	17493	17342
19	snpPG00067	17578	87	17491	17344
19	snpPG00076	17578	69	17509	17372
19	snpPG00062	17578	66	17512	17374
19	snpPG00098	17578	67	17511	17375
19	snpPG00071	17578	64	17514	17378
19	snpPG00096	17578	69	17509	17379
19	snpPG00068	17578	71	17507	17380
19	snpPG00049	17578	66	17512	17383
19	snpPG00088	17578	68	17510	17383
19	snpPG00093	17578	68	17510	17383
19	snpPG00057	17578	66	17512	17384
19	snpPG00048	17578	64	17514	17385
19	snpPG00097	17578	65	17513	17385
19	snpPG00090	17578	67	17511	17386
19	snpPG00053	17578	66	17512	17387
19	snpPG00078	17578	64	17514	17388
19	snpPG00084	17578	64	17514	17389
20	snpPG00050	17578	88	17490	17352
20	snpPG00075	17578	82	17496	17357
20	snpPG00067	17578	84	17494	17362
20	snpPG00076	17578	64	17514	17385
20	snpPG00098	17578	64	17514	17388
20	snpPG00071	17578	61	17517	17390
20	snpPG00093	17578	64	17514	17395
20	snpPG00062	17578	63	17515	17396
20	snpPG00053	17578	62	17516	17397
20	snpPG00068	17578	68	17510	17397
20	snpPG00088	17578	64	17514	17397
20	snpPG00090	17578	64	17514	17398
20	snpPG00096	17578	63	17515	17398
20	snpPG00049	17578	63	17515	17399
20	snpPG00057	17578	62	17516	17399
20	snpPG00048	17578	61	17517	17400
20	snpPG00084	17578	61	17517	17400
20	snpPG00097	17578	62	17516	17401
20	snpPG00078	17578	61	17517	17402
20	snpPG00079	17578	64	17514	17403
21	snpPG00050	17578	86	17492	17364
21	snpPG00075	17578	81	17497	17365
21	snpPG00067	17578	83	17495	17370
21	snpPG00076	17578	63	17515	17394
21	snpPG00098	17578	62	17516	17397
21	snpPG00071	17578	60	17518	17399
21	snpPG00093	17578	63	17515	17404
21	snpPG00053	17578	61	17517	17405
21	snpPG00062	17578	62	17516	17405
21	snpPG00088	17578	63	17515	17405
21	snpPG00096	17578	61	17517	17405
21	snpPG00068	17578	67	17511	17406
21	snpPG00049	17578	62	17516	17407
21	snpPG00079	17578	60	17518	17408
21	snpPG00090	17578	62	17516	17408
21	snpPG00057	17578	61	17517	17409
21	snpPG00084	17578	60	17518	17409
21	snpPG00097	17578	61	17517	17409
21	snpPG00048	17578	60	17518	17410
21	snpPG00078	17578	60	17518	17410
21	snpPG00082	17578	61	17517	17412
22	snpPG00075	17578	80	17498	17370
22	snpPG00050	17578	85	17493	17374
22	snpPG00067	17578	82	17496	17374
22	snpPG00076	17578	61	17517	17402
22	snpPG00098	17578	61	17517	17402
22	snpPG00071	17578	59	17519	17407
22	snpPG00053	17578	59	17519	17409
22	snpPG00062	17578	61	17517	17410
22	snpPG00093	17578	62	17516	17410
22	snpPG00068	17578	66	17512	17411
22	snpPG00096	17578	60	17518	17411
22	snpPG00049	17578	61	17517	17412
22	snpPG00079	17578	59	17519	17412
22	snpPG00088	17578	62	17516	17412
22	snpPG00057	17578	60	17518	17415
22	snpPG00078	17578	59	17519	17415
22	snpPG00084	17578	59	17519	17415
22	snpPG00097	17578	59	17519	17415
22	snpPG00048	17578	59	17519	17416
22	snpPG00090	17578	60	17518	17416
22	snpPG00082	17578	60	17518	17417
22	snpPG00063	17578	60	17518	17419
23	snpPG00075	17578	78	17500	17375
23	snpPG00067	17578	80	17498	17378
23	snpPG00050	17578	83	17495	17381
23	snpPG00098	17578	59	17519	17406
23	snpPG00076	17578	59	17519	17408
23	snpPG00071	17578	57	17521	17412
23	snpPG00053	17578	57	17521	17414
23	snpPG00062	17578	59	17519	17414
23	snpPG00093	17578	59	17519	17414
23	snpPG00096	17578	58	17520	17415
23	snpPG00049	17578	59	17519	17416
23	snpPG00068	17578	64	17514	17416
23	snpPG00079	17578	57	17521	17417
23	snpPG00088	17578	59	17519	17418
23	snpPG00057	17578	57	17521	17419
23	snpPG00090	17578	57	17521	17419
23	snpPG00097	17578	57	17521	17419
23	snpPG00078	17578	57	17521	17420
23	snpPG00084	17578	57	17521	17420
23	snpPG00048	17578	57	17521	17421
23	snpPG00082	17578	58	17520	17421
23	snpPG00056	17578	59	17519	17423
23	snpPG00063	17578	58	17520	17423
24	snpPG00075	17578	78	17500	17378
24	snpPG00067	17578	80	17498	17382
24	snpPG00050	17578	83	17495	17384
24	snpPG00098	17578	59	17519	17411
24	snpPG00076	17578	59	17519	17416
24	snpPG00053	17578	57	17521	17417
24	snpPG00062	17578	58	17520	17417
24	snpPG00068	17578	63	17515	17419
24	snpPG00093	17578	59	17519	17419
24	snpPG00071	17578	57	17521	17420
24	snpPG00079	17578	57	17521	17420
24	snpPG00096	17578	58	17520	17420
24	snpPG00049	17578	59	17519	17423
24	snpPG00057	17578	57	17521	17423
24	snpPG00078	17578	57	17521	17423
24	snpPG00088	17578	58	17520	17423
24	snpPG00048	17578	57	17521	17424
24	snpPG00082	17578	58	17520	17424
24	snpPG00084	17578	57	17521	17424
24	snpPG00090	17578	57	17521	17424
24	snpPG00097	17578	57	17521	17424
24	snpPG00056	17578	59	17519	17426
24	snpPG00063	17578	58	17520	17426
24	snpPG00092	17578	57	17521	17427
25	snpPG00075	17578	78	17500	17381
25	snpPG00067	17578	80	17498	17386
25	snpPG00050	17578	83	17495	17389
25	snpPG00098	17578	59	17519	17414
25	snpPG00076	17578	59	17519	17419
25	snpPG00053	17578	57	17521	17420
25	snpPG00062	17578	57	17521	17421
25	snpPG00068	17578	63	17515	17422
25	snpPG00093	17578	59	17519	17422
25	snpPG00071	17578	57	17521	17424
25	snpPG00049	17578	57	17521	17426
25	snpPG00078	17578	57	17521	17426
25	snpPG00079	17578	57	17521	17426
25	snpPG00088	17578	58	17520	17426
25	snpPG00057	17578	57	17521	17427
25	snpPG00084	17578	57	17521	17427
25	snpPG00097	17578	57	17521	17427
25	snpPG00048	17578	57	17521	17428
25	snpPG00082	17578	58	17520	17428
25	snpPG00090	17578	57	17521	17428
25	snpPG00096	17578	58	17520	17428
25	snpPG00056	17578	59	17519	17429
25	snpPG00063	17578	58	17520	17429
25	snpPG00086	17578	57	17521	17430
25	snpPG00092	17578	57	17521	17430
26	snpPG00075	17578	78	17500	17385
26	snpPG00067	17578	80	17498	17389
26	snpPG00050	17578	83	17495	17393
26	snpPG00098	17578	59	17519	17418
26	snpPG00062	17578	57	17521	17423
26	snpPG00053	17578	57	17521	17424
26	snpPG00068	17578	63	17515	17425
26	snpPG00076	17578	59	17519	17425
26	snpPG00093	17578	59	17519	17426
26	snpPG00079	17578	57	17521	17428
26	snpPG00088	17578	58	17520	17428
26	snpPG00049	17578	57	17521	17429
26	snpPG00057	17578	57	17521	17429
26	snpPG00071	17578	57	17521	17429
26	snpPG00082	17578	57	17521	17429
26	snpPG00084	17578	57	17521	17429
26	snpPG00078	17578	57	17521	17430
26	snpPG00090	17578	57	17521	17430
26	snpPG00096	17578	57	17521	17430
26	snpPG00048	17578	57	17521	17431
26	snpPG00056	17578	59	17519	17431
26	snpPG00063	17578	58	17520	17431
26	snpPG00097	17578	57	17521	17431
26	snpPG00086	17578	57	17521	17432
26	snpPG00092	17578	57	17521	17432
26	snpPG00051	17578	57	17521	17433
27	snpPG00075	17578	78	17500	17387
27	snpPG00067	17578	80	17498	17390
27	snpPG00050	17578	83	17495	17395
27	snpPG00098	17578	59	17519	17421
27	snpPG00068	17578	63	17515	17426
27	snpPG00062	17578	57	17521	17427
27	snpPG00076	17578	59	17519	17428
27	snpPG00093	17578	59	17519	17428
27	snpPG00082	17578	57	17521	17430
27	snpPG00088	17578	58	17520	17430
27	snpPG00049	17578	57	17521	17431
27	snpPG00053	17578	57	17521	17431
27	snpPG00057	17578	57	17521	17431
27	snpPG00063	17578	57	17521	17431
27	snpPG00071	17578	57	17521	17431
27	snpPG00079	17578	57	17521	17431
27	snpPG00084	17578	57	17521	17431
27	snpPG00090	17578	57	17521	17431
27	snpPG00096	17578	57	17521	17431
27	snpPG00056	17578	59	17519	17432
27	snpPG00078	17578	57	17521	17432
27	snpPG00048	17578	57	17521	17433
27	snpPG00097	17578	57	17521	17433
27	snpPG00051	17578	57	17521	17434
27	snpPG00086	17578	57	17521	17434
27	snpPG00092	17578	57	17521	17434
27	snpPG00095	17578	57	17521	17435
28	snpPG00075	17578	78	17500	17388
28	snpPG00067	17578	80	17498	17391
28	snpPG00050	17578	83	17495	17396
28	snpPG00098	17578	59	17519	17423
28	snpPG00068	17578	63	17515	17427
28	snpPG00062	17578	57	17521	17429
28	snpPG00093	17578	59	17519	17429
28	snpPG00076	17578	58	17520	17431
28	snpPG00088	17578	58	17520	17431
28	snpPG00049	17578	57	17521	17432
28	snpPG00053	17578	57	17521	17432
28	snpPG00057	17578	57	17521	17432
28	snpPG00071	17578	57	17521	17432
28	snpPG00079	17578	57	17521	17432
28	snpPG00082	17578	57	17521	17432
28	snpPG00056	17578	59	17519	17433
28	snpPG00063	17578	57	17521	17433
28	snpPG00078	17578	57	17521	17433
28	snpPG00084	17578	57	17521	17433
28	snpPG00090	17578	57	17521	17433
28	snpPG00048	17578	57	17521	17434
28	snpPG00096	17578	57	17521	17434
28	snpPG00051	17578	57	17521	17435
28	snpPG00086	17578	57	17521	17435
28	snpPG00092	17578	57	17521	17435
28	snpPG00097	17578	57	17521	17435
28	snpPG00083	17578	57	17521	17436
28	snpPG00095	17578	57	17521	17436
29	snpPG00075	17578	78	17500	17390
29	snpPG00067	17578	80	17498	17392
29	snpPG00050	17578	83	17495	17397
29	snpPG00098	17578	59	17519	17424
29	snpPG00068	17578	63	17515	17428
29	snpPG00062	17578	57	17521	17430
29	snpPG00093	17578	59	17519	17431
29	snpPG00076	17578	58	17520	17432
29	snpPG00049	17578	57	17521	17433
29	snpPG00053	17578	57	17521	17433
29	snpPG00071	17578	57	17521	17433
29	snpPG00079	17578	57	17521	17433
29	snpPG00082	17578	57	17521	17433
29	snpPG00088	17578	58	17520	17433
29	snpPG00057	17578	57	17521	17434
29	snpPG00078	17578	57	17521	17434
29	snpPG00084	17578	57	17521	17434
29	snpPG00048	17578	57	17521	17435
29	snpPG00063	17578	57	17521	17435
29	snpPG00090	17578	57	17521	17435
29	snpPG00096	17578	57	17521	17435
29	snpPG00051	17578	57	17521	17436
29	snpPG00056	17578	58	17520	17436
29	snpPG00086	17578	57	17521	17436
29	snpPG00092	17578	57	17521	17436
29	snpPG00077	17578	57	17521	17437
29	snpPG00083	17578	57	17521	17437
29	snpPG00095	17578	57	17521	17437
29	snpPG00097	17578	57	17521	17437
30	snpPG00075	17578	77	17501	17390
30	snpPG00067	17578	79	17499	17392
30	snpPG00050	17578	82	17496	17397
30	snpPG00098	17578	58	17520	17424
30	snpPG00068	17578	62	17516	17428
30	snpPG00062	17578	56	17522	17430
30	snpPG00093	17578	58	17520	17431
30	snpPG00076	17578	57	17521	17432
30	snpPG00049	17578	56	17522	17433
30	snpPG00053	17578	56	17522	17433
30	snpPG00071	17578	56	17522	17433
30	snpPG00079	17578	56	17522	17433
30	snpPG00082	17578	56	17522	17433
30	snpPG00088	17578	57	17521	17433
30	snpPG00057	17578	56	17522	17434
30	snpPG00078	17578	56	17522	17434
30	snpPG00084	17578	56	17522	17434
30	snpPG00048	17578	56	17522	17435
30	snpPG00063	17578	56	17522	17435
30	snpPG00090	17578	56	17522	17435
30	snpPG00096	17578	56	17522	17435
30	snpPG00051	17578	56	17522	17436
30	snpPG00056	17578	57	17521	17436
30	snpPG00086	17578	56	17522	17436
30	snpPG00092	17578	56	17522	17436
30	snpPG00077	17578	56	17522	17437
30	snpPG00083	17578	56	17522	17437
30	snpPG00095	17578	56	17522	17437
30	snpPG00097	17578	56	17522	17437
30	snpPG00074	17578	57	17521	17438
31	snpPG00075	17578	77	17501	17391
31	snpPG00067	17578	79	17499	17393
31	snpPG00050	17578	82	17496	17398
31	snpPG00098	17578	58	17520	17425
31	snpPG00068	17578	62	17516	17429
31	snpPG00062	17578	56	17522	17431
31	snpPG00093	17578	58	17520	17432
31	snpPG00076	17578	57	17521	17433
31	snpPG00049	17578	56	17522	17434
31	snpPG00053	17578	56	17522	17434
31	snpPG00071	17578	56	17522	17434
31	snpPG00079	17578	56	17522	17434
31	snpPG00082	17578	56	17522	17434
31	snpPG00088	17578	57	17521	17434
31	snpPG00057	17578	56	17522	17435
31	snpPG00078	17578	56	17522	17435
31	snpPG00084	17578	56	17522	17435
31	snpPG00048	17578	56	17522	17436
31	snpPG00063	17578	56	17522	17436
31	snpPG00090	17578	56	17522	17436
31	snpPG00096	17578	56	17522	17436
31	snpPG00051	17578	56	17522	17437
31	snpPG00056	17578	57	17521	17437
31	snpPG00086	17578	56	17522	17437
31	snpPG00092	17578	56	17522	17437
31	snpPG00059	17578	56	17522	17438
31	snpPG00074	17578	56	17522	17438
31	snpPG00077	17578	56	17522	17438
31	snpPG00083	17578	56	17522	17438
31	snpPG00095	17578	56	17522	17438
31	snpPG00097	17578	56	17522	17438
32	snpPG00075	17578	77	17501	17391
32	snpPG00067	17578	79	17499	17393
32	snpPG00050	17578	82	17496	17398
32	snpPG00098	17578	58	17520	17425
32	snpPG00068	17578	62	17516	17429
32	snpPG00062	17578	56	17522	17431
32	snpPG00093	17578	58	17520	17432
32	snpPG00076	17578	57	17521	17433
32	snpPG00049	17578	56	17522	17434
32	snpPG00053	17578	56	17522	17434
32	snpPG00071	17578	56	17522	17434
32	snpPG00079	17578	56	17522	17434
32	snpPG00082	17578	56	17522	17434
32	snpPG00088	17578	57	17521	17434
32	snpPG00057	17578	56	17522	17435
32	snpPG00078	17578	56	17522	17435
32	snpPG00084	17578	56	17522	17435
32	snpPG00048	17578	56	17522	17436
32	snpPG00063	17578	56	17522	17436
32	snpPG00090	17578	56	17522	17436
32	snpPG00096	17578	56	17522	17436
32	snpPG00051	17578	56	17522	17437
32	snpPG00056	17578	57	17521	17437
32	snpPG00086	17578	56	17522	17437
32	snpPG00092	17578	56	17522	17437
32	snpPG00059	17578	56	17522	17438
32	snpPG00074	17578	56	17522	17438
32	snpPG00077	17578	56	17522	17438
32	snpPG00083	17578	56	17522	17438
32	snpPG00095	17578	56	17522	17438
32	snpPG00097	17578	56	17522	17438
32	snpPG00099	17578	56	17522	17439
33	snpPG00075	17578	75	17503	17391
33	snpPG00067	17578	77	17501	17393
33	snpPG00050	17578	80	17498	17398
33	snpPG00098	17578	56	17522	17425
33	snpPG00068	17578	60	17518	17429
33	snpPG00062	17578	54	17524	17431
33	snpPG00093	17578	56	17522	17432
33	snpPG00076	17578	55	17523	17433
33	snpPG00049	17578	54	17524	17434
33	snpPG00053	17578	54	17524	17434
33	snpPG00071	17578	54	17524	17434
33	snpPG00079	17578	54	17524	17434
33	snpPG00082	17578	54	17524	17434
33	snpPG00088	17578	55	17523	17434
33	snpPG00057	17578	54	17524	17435
33	snpPG00078	17578	54	17524	17435
33	snpPG00084	17578	54	17524	17435
33	snpPG00048	17578	54	17524	17436
33	snpPG00063	17578	54	17524	17436
33	snpPG00090	17578	54	17524	17436
33	snpPG00096	17578	54	17524	17436
33	snpPG00051	17578	54	17524	17437
33	snpPG00056	17578	55	17523	17437
33	snpPG00086	17578	54	17524	17437
33	snpPG00092	17578	54	17524	17437
33	snpPG00059	17578	54	17524	17438
33	snpPG00074	17578	54	17524	17438
33	snpPG00077	17578	54	17524	17438
33	snpPG00083	17578	54	17524	17438
33	snpPG00095	17578	54	17524	17438
33	snpPG00097	17578	54	17524	17438
33	snpPG00094	17578	56	17522	17439
33	snpPG00099	17578	54	17524	17439
34	snpPG00075	17578	75	17503	17391
34	snpPG00067	17578	77	17501	17393
34	snpPG00050	17578	80	17498	17398
34	snpPG00098	17578	56	17522	17425
34	snpPG00068	17578	60	17518	17429
34	snpPG00062	17578	54	17524	17431
34	snpPG00093	17578	56	17522	17432
34	snpPG00076	17578	55	17523	17433
34	snpPG00049	17578	54	17524	17434
34	snpPG00053	17578	54	17524	17434
34	snpPG00071	17578	54	17524	17434
34	snpPG00079	17578	54	17524	17434
34	snpPG00082	17578	54	17524	17434
34	snpPG00088	17578	55	17523	17434
34	snpPG00057	17578	54	17524	17435
34	snpPG00078	17578	54	17524	17435
34	snpPG00084	17578	54	17524	17435
34	snpPG00048	17578	54	17524	17436
34	snpPG00063	17578	54	17524	17436
34	snpPG00090	17578	54	17524	17436
34	snpPG00096	17578	54	17524	17436
34	snpPG00051	17578	54	17524	17437
34	snpPG00056	17578	55	17523	17437
34	snpPG00086	17578	54	17524	17437
34	snpPG00092	17578	54	17524	17437
34	snpPG00059	17578	54	17524	17438
34	snpPG00074	17578	54	17524	17438
34	snpPG00077	17578	54	17524	17438
34	snpPG00083	17578	54	17524	17438
34	snpPG00095	17578	54	17524	17438
34	snpPG00097	17578	54	17524	17438
34	snpPG00091	17578	54	17524	17439
34	snpPG00094	17578	56	17522	17439
34	snpPG00099	17578	54	17524	17439
35	snpPG00075	17578	75	17503	17391
35	snpPG00067	17578	77	17501	17393
35	snpPG00050	17578	80	17498	17398
35	snpPG00098	17578	56	17522	17428
35	snpPG00068	17578	60	17518	17429
35	snpPG00062	17578	54	17524	17432
35	snpPG00093	17578	56	17522	17433
35	snpPG00049	17578	54	17524	17434
35	snpPG00053	17578	54	17524	17434
35	snpPG00071	17578	54	17524	17434
35	snpPG00076	17578	55	17523	17434
35	snpPG00079	17578	54	17524	17434
35	snpPG00082	17578	54	17524	17434
35	snpPG00088	17578	55	17523	17434
35	snpPG00057	17578	54	17524	17435
35	snpPG00078	17578	54	17524	17435
35	snpPG00048	17578	54	17524	17436
35	snpPG00063	17578	54	17524	17436
35	snpPG00084	17578	54	17524	17436
35	snpPG00090	17578	54	17524	17436
35	snpPG00096	17578	54	17524	17436
35	snpPG00051	17578	54	17524	17437
35	snpPG00056	17578	55	17523	17437
35	snpPG00086	17578	54	17524	17437
35	snpPG00092	17578	54	17524	17437
35	snpPG00059	17578	54	17524	17438
35	snpPG00074	17578	54	17524	17438
35	snpPG00077	17578	54	17524	17438
35	snpPG00083	17578	54	17524	17438
35	snpPG00095	17578	54	17524	17438
35	snpPG00089	17578	54	17524	17439
35	snpPG00091	17578	54	17524	17439
35	snpPG00094	17578	56	17522	17439
35	snpPG00097	17578	54	17524	17439
35	snpPG00099	17578	54	17524	17439
36	snpPG00075	17578	75	17503	17391
36	snpPG00067	17578	77	17501	17393
36	snpPG00050	17578	80	17498	17398
36	snpPG00098	17578	56	17522	17428
36	snpPG00068	17578	60	17518	17429
36	snpPG00062	17578	54	17524	17432
36	snpPG00093	17578	56	17522	17433
36	snpPG00071	17578	54	17524	17434
36	snpPG00079	17578	54	17524	17434
36	snpPG00082	17578	54	17524	17434
36	snpPG00088	17578	55	17523	17434
36	snpPG00053	17578	54	17524	17435
36	snpPG00078	17578	54	17524	17435
36	snpPG00048	17578	54	17524	17436
36	snpPG00049	17578	54	17524	17436
36	snpPG00084	17578	54	17524	17436
36	snpPG00051	17578	54	17524	17437
36	snpPG00056	17578	55	17523	17437
36	snpPG00076	17578	55	17523	17437
36	snpPG00090	17578	54	17524	17437
36	snpPG00092	17578	54	17524	17437
36	snpPG00096	17578	54	17524	17437
36	snpPG00057	17578	54	17524	17438
36	snpPG00059	17578	54	17524	17438
36	snpPG00063	17578	54	17524	17438
36	snpPG00074	17578	54	17524	17438
36	snpPG00077	17578	54	17524	17438
36	snpPG00083	17578	54	17524	17438
36	snpPG00086	17578	54	17524	17438
36	snpPG00095	17578	54	17524	17438
36	snpPG00087	17578	54	17524	17439
36	snpPG00089	17578	54	17524	17439
36	snpPG00091	17578	54	17524	17439
36	snpPG00094	17578	56	17522	17439
36	snpPG00097	17578	54	17524	17439
36	snpPG00099	17578	54	17524	17439
37	snpPG00075	17578	75	17503	17391
37	snpPG00067	17578	77	17501	17393
37	snpPG00050	17578	80	17498	17398
37	snpPG00098	17578	56	17522	17428
37	snpPG00068	17578	60	17518	17429
37	snpPG00062	17578	54	17524	17432
37	snpPG00093	17578	56	17522	17433
37	snpPG00071	17578	54	17524	17434
37	snpPG00079	17578	54	17524	17434
37	snpPG00082	17578	54	17524	17434
37	snpPG00088	17578	55	17523	17434
37	snpPG00053	17578	54	17524	17435
37	snpPG00078	17578	54	17524	17435
37	snpPG00048	17578	54	17524	17436
37	snpPG00049	17578	54	17524	17436
37	snpPG00084	17578	54	17524	17436
37	snpPG00051	17578	54	17524	17437
37	snpPG00056	17578	55	17523	17437
37	snpPG00076	17578	55	17523	17437
37	snpPG00090	17578	54	17524	17437
37	snpPG00092	17578	54	17524	17437
37	snpPG00096	17578	54	17524	17437
37	snpPG00057	17578	54	17524	17438
37	snpPG00059	17578	54	17524	17438
37	snpPG00063	17578	54	17524	17438
37	snpPG00074	17578	54	17524	17438
37	snpPG00077	17578	54	17524	17438
37	snpPG00083	17578	54	17524	17438
37	snpPG00086	17578	54	17524	17438
37	snpPG00095	17578	54	17524	17438
37	snpPG00085	17578	54	17524	17439
37	snpPG00087	17578	54	17524	17439
37	snpPG00089	17578	54	17524	17439
37	snpPG00091	17578	54	17524	17439
37	snpPG00094	17578	56	17522	17439
37	snpPG00097	17578	54	17524	17439
37	snpPG00099	17578	54	17524	17439
38	snpPG00075	17578	75	17503	17392
38	snpPG00067	17578	77	17501	17393
38	snpPG00050	17578	80	17498	17398
38	snpPG00068	17578	60	17518	17429
38	snpPG00098	17578	56	17522	17429
38	snpPG00062	17578	54	17524	17433
38	snpPG00071	17578	54	17524	17434
38	snpPG00079	17578	54	17524	17434
38	snpPG00082	17578	54	17524	17434
38	snpPG00088	17578	55	17523	17434
38	snpPG00078	17578	54	17524	17435
38	snpPG00048	17578	54	17524	17436
38	snpPG00049	17578	54	17524	17436
38	snpPG00053	17578	54	17524	17436
38	snpPG00093	17578	56	17522	17436
38	snpPG00051	17578	54	17524	17437
38	snpPG00056	17578	55	17523	17437
38	snpPG00076	17578	55	17523	17437
38	snpPG00084	17578	54	17524	17437
38	snpPG00090	17578	54	17524	17437
38	snpPG00092	17578	54	17524	17437
38	snpPG00096	17578	54	17524	17437
38	snpPG00057	17578	54	17524	17438
38	snpPG00059	17578	54	17524	17438
38	snpPG00063	17578	54	17524	17438
38	snpPG00074	17578	54	17524	17438
38	snpPG00077	17578	54	17524	17438
38	snpPG00083	17578	54	17524	17438
38	snpPG00086	17578	54	17524	17438
38	snpPG00095	17578	54	17524	17438
38	snpPG00081	17578	54	17524	17439
38	snpPG00085	17578	54	17524	17439
38	snpPG00087	17578	54	17524	17439
38	snpPG00089	17578	54	17524	17439
38	snpPG00091	17578	54	17524	17439
38	snpPG00094	17578	56	17522	17439
38	snpPG00097	17578	54	17524	17439
38	snpPG00099	17578	54	17524	17439
39	snpPG00075	17578	75	17503	17392
39	snpPG00067	17578	77	17501	17393
39	snpPG00050	17578	80	17498	17398
39	snpPG00068	17578	60	17518	17429
39	snpPG00098	17578	56	17522	17429
39	snpPG00062	17578	54	17524	17433
39	snpPG00071	17578	54	17524	17434
39	snpPG00079	17578	54	17524	17434
39	snpPG00082	17578	54	17524	17434
39	snpPG00088	17578	55	17523	17434
39	snpPG00078	17578	54	17524	17435
39	snpPG00048	17578	54	17524	17436
39	snpPG00049	17578	54	17524	17436
39	snpPG00053	17578	54	17524	17436
39	snpPG00093	17578	56	17522	17436
39	snpPG00051	17578	54	17524	17437
39	snpPG00056	17578	55	17523	17437
39	snpPG00076	17578	55	17523	17437
39	snpPG00084	17578	54	17524	17437
39	snpPG00090	17578	54	17524	17437
39	snpPG00092	17578	54	17524	17437
39	snpPG00096	17578	54	17524	17437
39	snpPG00057	17578	54	17524	17438
39	snpPG00059	17578	54	17524	17438
39	snpPG00063	17578	54	17524	17438
39	snpPG00074	17578	54	17524	17438
39	snpPG00077	17578	54	17524	17438
39	snpPG00083	17578	54	17524	17438
39	snpPG00086	17578	54	17524	17438
39	snpPG00095	17578	54	17524	17438
39	snpPG00080	17578	54	17524	17439
39	snpPG00081	17578	54	17524	17439
39	snpPG00085	17578	54	17524	17439
39	snpPG00087	17578	54	17524	17439
39	snpPG00089	17578	54	17524	17439
39	snpPG00091	17578	54	17524	17439
39	snpPG00094	17578	56	17522	17439
39	snpPG00097	17578	54	17524	17439
39	snpPG00099	17578	54	17524	17439
40	snpPG00075	17578	75	17503	17392
40	snpPG00067	17578	77	17501	17393
40	snpPG00050	17578	80	17498	17398
40	snpPG00068	17578	60	17518	17429
40	snpPG00098	17578	56	17522	17429
40	snpPG00062	17578	54	17524	17433
40	snpPG00071	17578	54	17524	17434
40	snpPG00079	17578	54	17524	17434
40	snpPG00082	17578	54	17524	17434
40	snpPG00088	17578	55	17523	17434
40	snpPG00078	17578	54	17524	17435
40	snpPG00048	17578	54	17524	17436
40	snpPG00049	17578	54	17524	17436
40	snpPG00053	17578	54	17524	17436
40	snpPG00093	17578	56	17522	17436
40	snpPG00051	17578	54	17524	17437
40	snpPG00056	17578	55	17523	17437
40	snpPG00076	17578	55	17523	17437
40	snpPG00084	17578	54	17524	17437
40	snpPG00090	17578	54	17524	17437
40	snpPG00092	17578	54	17524	17437
40	snpPG00096	17578	54	17524	17437
40	snpPG00057	17578	54	17524	17438
40	snpPG00059	17578	54	17524	17438
40	snpPG00063	17578	54	17524	17438
40	snpPG00074	17578	54	17524	17438
40	snpPG00077	17578	54	17524	17438
40	snpPG00083	17578	54	17524	17438
40	snpPG00086	17578	54	17524	17438
40	snpPG00095	17578	54	17524	17438
40	snpPG00073	17578	54	17524	17439
40	snpPG00080	17578	54	17524	17439
40	snpPG00081	17578	54	17524	17439
40	snpPG00085	17578	54	17524	17439
40	snpPG00087	17578	54	17524	17439
40	snpPG00089	17578	54	17524	17439
40	snpPG00091	17578	54	17524	17439
40	snpPG00094	17578	56	17522	17439
40	snpPG00097	17578	54	17524	17439
40	snpPG00099	17578	54	17524	17439
41	snpPG00075	17578	75	17503	17392
41	snpPG00067	17578	77	17501	17393
41	snpPG00050	17578	80	17498	17398
41	snpPG00068	17578	60	17518	17429
41	snpPG00098	17578	56	17522	17429
41	snpPG00062	17578	54	17524	17434
41	snpPG00071	17578	54	17524	17434
41	snpPG00088	17578	55	17523	17434
41	snpPG00078	17578	54	17524	17435
41	snpPG00048	17578	54	17524	17436
41	snpPG00049	17578	54	17524	17436
41	snpPG00093	17578	56	17522	17436
41	snpPG00051	17578	54	17524	17437
41	snpPG00053	17578	54	17524	17437
41	snpPG00056	17578	55	17523	17437
41	snpPG00076	17578	55	17523	17437
41	snpPG00079	17578	54	17524	17437
41	snpPG00082	17578	54	17524	17437
41	snpPG00084	17578	54	17524	17437
41	snpPG00090	17578	54	17524	17437
41	snpPG00092	17578	54	17524	17437
41	snpPG00096	17578	54	17524	17437
41	snpPG00057	17578	54	17524	17438
41	snpPG00059	17578	54	17524	17438
41	snpPG00063	17578	54	17524	17438
41	snpPG00074	17578	54	17524	17438
41	snpPG00077	17578	54	17524	17438
41	snpPG00083	17578	54	17524	17438
41	snpPG00086	17578	54	17524	17438
41	snpPG00095	17578	54	17524	17438
41	snpPG00072	17578	54	17524	17439
41	snpPG00073	17578	54	17524	17439
41	snpPG00080	17578	54	17524	17439
41	snpPG00081	17578	54	17524	17439
41	snpPG00085	17578	54	17524	17439
41	snpPG00087	17578	54	17524	17439
41	snpPG00089	17578	54	17524	17439
41	snpPG00091	17578	54	17524	17439
41	snpPG00094	17578	56	17522	17439
41	snpPG00097	17578	54	17524	17439
41	snpPG00099	17578	54	17524	17439
42	snpPG00075	17578	75	17503	17392
42	snpPG00067	17578	77	17501	17393
42	snpPG00050	17578	80	17498	17398
42	snpPG00068	17578	60	17518	17429
42	snpPG00098	17578	56	17522	17429
42	snpPG00071	17578	54	17524	17434
42	snpPG00062	17578	54	17524	17435
42	snpPG00078	17578	54	17524	17435
42	snpPG00088	17578	55	17523	17435
42	snpPG00048	17578	54	17524	17436
42	snpPG00049	17578	54	17524	17436
42	snpPG00093	17578	56	17522	17436
42	snpPG00051	17578	54	17524	17437
42	snpPG00053	17578	54	17524	17437
42	snpPG00056	17578	55	17523	17437
42	snpPG00076	17578	55	17523	17437
42	snpPG00079	17578	54	17524	17437
42	snpPG00082	17578	54	17524	17437
42	snpPG00084	17578	54	17524	17437
42	snpPG00090	17578	54	17524	17437
42	snpPG00092	17578	54	17524	17437
42	snpPG00096	17578	54	17524	17437
42	snpPG00057	17578	54	17524	17438
42	snpPG00059	17578	54	17524	17438
42	snpPG00063	17578	54	17524	17438
42	snpPG00074	17578	54	17524	17438
42	snpPG00077	17578	54	17524	17438
42	snpPG00083	17578	54	17524	17438
42	snpPG00086	17578	54	17524	17438
42	snpPG00095	17578	54	17524	17438
42	snpPG00070	17578	54	17524	17439
42	snpPG00072	17578	54	17524	17439
42	snpPG00073	17578	54	17524	17439
42	snpPG00080	17578	54	17524	17439
42	snpPG00081	17578	54	17524	17439
42	snpPG00085	17578	54	17524	17439
42	snpPG00087	17578	54	17524	17439
42	snpPG00089	17578	54	17524	17439
42	snpPG00091	17578	54	17524	17439
42	snpPG00094	17578	56	17522	17439
42	snpPG00097	17578	54	17524	17439
42	snpPG00099	17578	54	17524	17439
43	snpPG00075	17578	75	17503	17392
43	snpPG00067	17578	77	17501	17393
43	snpPG00050	17578	80	17498	17398
43	snpPG00068	17578	60	17518	17429
43	snpPG00098	17578	56	17522	17429
43	snpPG00071	17578	54	17524	17434
43	snpPG00062	17578	54	17524	17435
43	snpPG00078	17578	54	17524	17435
43	snpPG00088	17578	55	17523	17435
43	snpPG00048	17578	54	17524	17436
43	snpPG00049	17578	54	17524	17436
43	snpPG00093	17578	56	17522	17436
43	snpPG00051	17578	54	17524	17437
43	snpPG00053	17578	54	17524	17437
43	snpPG00056	17578	55	17523	17437
43	snpPG00076	17578	55	17523	17437
43	snpPG00079	17578	54	17524	17437
43	snpPG00082	17578	54	17524	17437
43	snpPG00084	17578	54	17524	17437
43	snpPG00090	17578	54	17524	17437
43	snpPG00092	17578	54	17524	17437
43	snpPG00096	17578	54	17524	17437
43	snpPG00057	17578	54	17524	17438
43	snpPG00059	17578	54	17524	17438
43	snpPG00063	17578	54	17524	17438
43	snpPG00074	17578	54	17524	17438
43	snpPG00077	17578	54	17524	17438
43	snpPG00083	17578	54	17524	17438
43	snpPG00086	17578	54	17524	17438
43	snpPG00095	17578	54	17524	17438
43	snpPG00069	17578	54	17524	17439
43	snpPG00070	17578	54	17524	17439
43	snpPG00072	17578	54	17524	17439
43	snpPG00073	17578	54	17524	17439
43	snpPG00080	17578	54	17524	17439
43	snpPG00081	17578	54	17524	17439
43	snpPG00085	17578	54	17524	17439
43	snpPG00087	17578	54	17524	17439
43	snpPG00089	17578	54	17524	17439
43	snpPG00091	17578	54	17524	17439
43	snpPG00094	17578	56	17522	17439
43	snpPG00097	17578	54	17524	17439
43	snpPG00099	17578	54	17524	17439
44	snpPG00075	17578	75	17503	17392
44	snpPG00067	17578	77	17501	17393
44	snpPG00050	17578	80	17498	17398
44	snpPG00068	17578	60	17518	17429
44	snpPG00098	17578	56	17522	17429
44	snpPG00071	17578	54	17524	17434
44	snpPG00062	17578	54	17524	17435
44	snpPG00078	17578	54	17524	17435
44	snpPG00088	17578	55	17523	17435
44	snpPG00048	17578	54	17524	17436
44	snpPG00049	17578	54	17524	17436
44	snpPG00093	17578	56	17522	17436
44	snpPG00051	17578	54	17524	17437
44	snpPG00053	17578	54	17524	17437
44	snpPG00056	17578	55	17523	17437
44	snpPG00076	17578	55	17523	17437
44	snpPG00079	17578	54	17524	17437
44	snpPG00082	17578	54	17524	17437
44	snpPG00084	17578	54	17524	17437
44	snpPG00090	17578	54	17524	17437
44	snpPG00092	17578	54	17524	17437
44	snpPG00096	17578	54	17524	17437
44	snpPG00057	17578	54	17524	17438
44	snpPG00059	17578	54	17524	17438
44	snpPG00063	17578	54	17524	17438
44	snpPG00074	17578	54	17524	17438
44	snpPG00077	17578	54	17524	17438
44	snpPG00083	17578	54	17524	17438
44	snpPG00086	17578	54	17524	17438
44	snpPG00095	17578	54	17524	17438
44	snpPG00066	17578	54	17524	17439
44	snpPG00069	17578	54	17524	17439
44	snpPG00070	17578	54	17524	17439
44	snpPG00072	17578	54	17524	17439
44	snpPG00073	17578	54	17524	17439
44	snpPG00080	17578	54	17524	17439
44	snpPG00081	17578	54	17524	17439
44	snpPG00085	17578	54	17524	17439
44	snpPG00087	17578	54	17524	17439
44	snpPG00089	17578	54	17524	17439
44	snpPG00091	17578	54	17524	17439
44	snpPG00094	17578	56	17522	17439
44	snpPG00097	17578	54	17524	17439
44	snpPG00099	17578	54	17524	17439
45	snpPG00075	17578	75	17503	17392
45	snpPG00067	17578	77	17501	17393
45	snpPG00050	17578	80	17498	17398
45	snpPG00068	17578	60	17518	17429
45	snpPG00098	17578	56	17522	17429
45	snpPG00071	17578	54	17524	17434
45	snpPG00062	17578	54	17524	17435
45	snpPG00078	17578	54	17524	17435
45	snpPG00088	17578	55	17523	17435
45	snpPG00048	17578	54	17524	17436
45	snpPG00049	17578	54	17524	17436
45	snpPG00093	17578	56	17522	17436
45	snpPG00051	17578	54	17524	17437
45	snpPG00053	17578	54	17524	17437
45	snpPG00056	17578	55	17523	17437
45	snpPG00076	17578	55	17523	17437
45	snpPG00079	17578	54	17524	17437
45	snpPG00082	17578	54	17524	17437
45	snpPG00084	17578	54	17524	17437
45	snpPG00090	17578	54	17524	17437
45	snpPG00092	17578	54	17524	17437
45	snpPG00096	17578	54	17524	17437
45	snpPG00057	17578	54	17524	17438
45	snpPG00059	17578	54	17524	17438
45	snpPG00063	17578	54	17524	17438
45	snpPG00074	17578	54	17524	17438
45	snpPG00077	17578	54	17524	17438
45	snpPG00083	17578	54	17524	17438
45	snpPG00086	17578	54	17524	17438
45	snpPG00095	17578	54	17524	17438
45	snpPG00065	17578	54	17524	17439
45	snpPG00066	17578	54	17524	17439
45	snpPG00069	17578	54	17524	17439
45	snpPG00070	17578	54	17524	17439
45	snpPG00072	17578	54	17524	17439
45	snpPG00073	17578	54	17524	17439
45	snpPG00080	17578	54	17524	17439
45	snpPG00081	17578	54	17524	17439
45	snpPG00085	17578	54	17524	17439
45	snpPG00087	17578	54	17524	17439
45	snpPG00089	17578	54	17524	17439
45	snpPG00091	17578	54	17524	17439
45	snpPG00094	17578	56	17522	17439
45	snpPG00097	17578	54	17524	17439
45	snpPG00099	17578	54	17524	17439
46	snpPG00075	17578	75	17503	17392
46	snpPG00067	17578	77	17501	17393
46	snpPG00050	17578	80	17498	17398
46	snpPG00068	17578	60	17518	17429
46	snpPG00098	17578	56	17522	17429
46	snpPG00071	17578	54	17524	17434
46	snpPG00062	17578	54	17524	17435
46	snpPG00078	17578	54	17524	17435
46	snpPG00088	17578	55	17523	17435
46	snpPG00048	17578	54	17524	17436
46	snpPG00049	17578	54	17524	17436
46	snpPG00093	17578	56	17522	17436
46	snpPG00051	17578	54	17524	17437
46	snpPG00053	17578	54	17524	17437
46	snpPG00056	17578	55	17523	17437
46	snpPG00076	17578	55	17523	17437
46	snpPG00079	17578	54	17524	17437
46	snpPG00082	17578	54	17524	17437
46	snpPG00084	17578	54	17524	17437
46	snpPG00090	17578	54	17524	17437
46	snpPG00092	17578	54	17524	17437
46	snpPG00096	17578	54	17524	17437
46	snpPG00057	17578	54	17524	17438
46	snpPG00059	17578	54	17524	17438
46	snpPG00063	17578	54	17524	17438
46	snpPG00074	17578	54	17524	17438
46	snpPG00077	17578	54	17524	17438
46	snpPG00083	17578	54	17524	17438
46	snpPG00086	17578	54	17524	17438
46	snpPG00095	17578	54	17524	17438
46	snpPG00064	17578	54	17524	17439
46	snpPG00065	17578	54	17524	17439
46	snpPG00066	17578	54	17524	17439
46	snpPG00069	17578	54	17524	17439
46	snpPG00070	17578	54	17524	17439
46	snpPG00072	17578	54	17524	17439
46	snpPG00073	17578	54	17524	17439
46	snpPG00080	17578	54	17524	17439
46	snpPG00081	17578	54	17524	17439
46	snpPG00085	17578	54	17524	17439
46	snpPG00087	17578	54	17524	17439
46	snpPG00089	17578	54	17524	17439
46	snpPG00091	17578	54	17524	17439
46	snpPG00094	17578	56	17522	17439
46	snpPG00097	17578	54	17524	17439
46	snpPG00099	17578	54	17524	17439
47	snpPG00075	17578	75	17503	17392
47	snpPG00067	17578	77	17501	17393
47	snpPG00050	17578	80	17498	17398
47	snpPG00068	17578	60	17518	17429
47	snpPG00098	17578	56	17522	17429
47	snpPG00062	17578	54	17524	17435
47	snpPG00071	17578	54	17524	17435
47	snpPG00088	17578	55	17523	17435
47	snpPG00049	17578	54	17524	17436
47	snpPG00078	17578	54	17524	17436
47	snpPG00093	17578	56	17522	17436
47	snpPG00048	17578	54	17524	17437
47	snpPG00051	17578	54	17524	17437
47	snpPG00076	17578	55	17523	17437
47	snpPG00082	17578	54	17524	17437
47	snpPG00084	17578	54	17524	17437
47	snpPG00092	17578	54	17524	17437
47	snpPG00096	17578	54	17524	17437
47	snpPG00053	17578	54	17524	17438
47	snpPG00056	17578	55	17523	17438
47	snpPG00057	17578	54	17524	17438
47	snpPG00059	17578	54	17524	17438
47	snpPG00063	17578	54	17524	17438
47	snpPG00074	17578	54	17524	17438
47	snpPG00079	17578	54	17524	17438
47	snpPG00083	17578	54	17524	17438
47	snpPG00086	17578	54	17524	17438
47	snpPG00090	17578	54	17524	17438
47	snpPG00095	17578	54	17524	17438
47	snpPG00061	17578	54	17524	17439
47	snpPG00064	17578	54	17524	17439
47	snpPG00065	17578	54	17524	17439
47	snpPG00066	17578	54	17524	17439
47	snpPG00069	17578	54	17524	17439
47	snpPG00070	17578	54	17524	17439
47	snpPG00072	17578	54	17524	17439
47	snpPG00073	17578	54	17524	17439
47	snpPG00077	17578	54	17524	17439
47	snpPG00080	17578	54	17524	17439
47	snpPG00081	17578	54	17524	17439
47	snpPG00085	17578	54	17524	17439
47	snpPG00087	17578	54	17524	17439
47	snpPG00089	17578	54	17524	17439
47	snpPG00091	17578	54	17524	17439
47	snpPG00094	17578	56	17522	17439
47	snpPG00097	17578	54	17524	17439
47	snpPG00099	17578	54	17524	17439
48	snpPG00075	17578	75	17503	17392
48	snpPG00067	17578	77	17501	17393
48	snpPG00050	17578	80	17498	17398
48	snpPG00068	17578	60	17518	17429
48	snpPG00098	17578	56	17522	17429
48	snpPG00062	17578	54	17524	17435
48	snpPG00071	17578	54	17524	17435
48	snpPG00088	17578	55	17523	17435
48	snpPG00049	17578	54	17524	17436
48	snpPG00078	17578	54	17524	17436
48	snpPG00093	17578	56	17522	17436
48	snpPG00048	17578	54	17524	17437
48	snpPG00051	17578	54	17524	17437
48	snpPG00076	17578	55	17523	17437
48	snpPG00082	17578	54	17524	17437
48	snpPG00084	17578	54	17524	17437
48	snpPG00092	17578	54	17524	17437
48	snpPG00096	17578	54	17524	17437
48	snpPG00053	17578	54	17524	17438
48	snpPG00056	17578	55	17523	17438
48	snpPG00057	17578	54	17524	17438
48	snpPG00059	17578	54	17524	17438
48	snpPG00063	17578	54	17524	17438
48	snpPG00074	17578	54	17524	17438
48	snpPG00079	17578	54	17524	17438
48	snpPG00083	17578	54	17524	17438
48	snpPG00086	17578	54	17524	17438
48	snpPG00090	17578	54	17524	17438
48	snpPG00095	17578	54	17524	17438
48	snpPG00060	17578	54	17524	17439
48	snpPG00061	17578	54	17524	17439
48	snpPG00064	17578	54	17524	17439
48	snpPG00065	17578	54	17524	17439
48	snpPG00066	17578	54	17524	17439
48	snpPG00069	17578	54	17524	17439
48	snpPG00070	17578	54	17524	17439
48	snpPG00072	17578	54	17524	17439
48	snpPG00073	17578	54	17524	17439
48	snpPG00077	17578	54	17524	17439
48	snpPG00080	17578	54	17524	17439
48	snpPG00081	17578	54	17524	17439
48	snpPG00085	17578	54	17524	17439
48	snpPG00087	17578	54	17524	17439
48	snpPG00089	17578	54	17524	17439
48	snpPG00091	17578	54	17524	17439
48	snpPG00094	17578	56	17522	17439
48	snpPG00097	17578	54	17524	17439
48	snpPG00099	17578	54	17524	17439
49	snpPG00075	17578	75	17503	17392
49	snpPG00067	17578	77	17501	17393
49	snpPG00050	17578	80	17498	17398
49	snpPG00068	17578	60	17518	17429
49	snpPG00098	17578	56	17522	17429
49	snpPG00062	17578	54	17524	17435
49	snpPG00071	17578	54	17524	17435
49	snpPG00088	17578	55	17523	17435
49	snpPG00049	17578	54	17524	17436
49	snpPG00078	17578	54	17524	17436
49	snpPG00093	17578	56	17522	17436
49	snpPG00048	17578	54	17524	17437
49	snpPG00051	17578	54	17524	17437
49	snpPG00076	17578	55	17523	17437
49	snpPG00082	17578	54	17524	17437
49	snpPG00084	17578	54	17524	17437
49	snpPG00092	17578	54	17524	17437
49	snpPG00096	17578	54	17524	17437
49	snpPG00053	17578	54	17524	17438
49	snpPG00056	17578	55	17523	17438
49	snpPG00057	17578	54	17524	17438
49	snpPG00059	17578	54	17524	17438
49	snpPG00063	17578	54	17524	17438
49	snpPG00074	17578	54	17524	17438
49	snpPG00079	17578	54	17524	17438
49	snpPG00083	17578	54	17524	17438
49	snpPG00086	17578	54	17524	17438
49	snpPG00090	17578	54	17524	17438
49	snpPG00095	17578	54	17524	17438
49	snpPG00058	17578	54	17524	17439
49	snpPG00060	17578	54	17524	17439
49	snpPG00061	17578	54	17524	17439
49	snpPG00064	17578	54	17524	17439
49	snpPG00065	17578	54	17524	17439
49	snpPG00066	17578	54	17524	17439
49	snpPG00069	17578	54	17524	17439
49	snpPG00070	17578	54	17524	17439
49	snpPG00072	17578	54	17524	17439
49	snpPG00073	17578	54	17524	17439
49	snpPG00077	17578	54	17524	17439
49	snpPG00080	17578	54	17524	17439
49	snpPG00081	17578	54	17524	17439
49	snpPG00085	17578	54	17524	17439
49	snpPG00087	17578	54	17524	17439
49	snpPG00089	17578	54	17524	17439
49	snpPG00091	17578	54	17524	17439
49	snpPG00094	17578	56	17522	17439
49	snpPG00097	17578	54	17524	17439
49	snpPG00099	17578	54	17524	17439
50	snpPG00075	17578	75	17503	17392
50	snpPG00067	17578	77	17501	17393
50	snpPG00050	17578	80	17498	17398
50	snpPG00068	17578	60	17518	17429
50	snpPG00098	17578	56	17522	17430
50	snpPG00088	17578	55	17523	17435
50	snpPG00049	17578	54	17524	17436
50	snpPG00062	17578	54	17524	17436
50	snpPG00071	17578	54	17524	17436
50	snpPG00093	17578	56	17522	17436
50	snpPG00051	17578	54	17524	17437
50	snpPG00076	17578	55	17523	17437
50	snpPG00078	17578	54	17524	17437
50	snpPG00082	17578	54	17524	17437
50	snpPG00092	17578	54	17524	17437
50	snpPG00096	17578	54	17524	17437
50	snpPG00048	17578	54	17524	17438
50	snpPG00053	17578	54	17524	17438
50	snpPG00056	17578	55	17523	17438
50	snpPG00059	17578	54	17524	17438
50	snpPG00063	17578	54	17524	17438
50	snpPG00074	17578	54	17524	17438
50	snpPG00079	17578	54	17524	17438
50	snpPG00083	17578	54	17524	17438
50	snpPG00086	17578	54	17524	17438
50	snpPG00090	17578	54	17524	17438
50	snpPG00095	17578	54	17524	17438
50	snpPG00055	17578	54	17524	17439
50	snpPG00057	17578	54	17524	17439
50	snpPG00058	17578	54	17524	17439
50	snpPG00060	17578	54	17524	17439
50	snpPG00061	17578	54	17524	17439
50	snpPG00064	17578	54	17524	17439
50	snpPG00065	17578	54	17524	17439
50	snpPG00066	17578	54	17524	17439
50	snpPG00069	17578	54	17524	17439
50	snpPG00070	17578	54	17524	17439
50	snpPG00072	17578	54	17524	17439
50	snpPG00073	17578	54	17524	17439
50	snpPG00077	17578	54	17524	17439
50	snpPG00080	17578	54	17524	17439
50	snpPG00081	17578	54	17524	17439
50	snpPG00084	17578	54	17524	17439
50	snpPG00085	17578	54	17524	17439
50	snpPG00087	17578	54	17524	17439
50	snpPG00089	17578	54	17524	17439
50	snpPG00091	17578	54	17524	17439
50	snpPG00094	17578	56	17522	17439
50	snpPG00097	17578	54	17524	17439
50	snpPG00099	17578	54	17524	17439
51	snpPG00075	17578	75	17503	17392
51	snpPG00067	17578	77	17501	17393
51	snpPG00050	17578	80	17498	17398
51	snpPG00068	17578	60	17518	17429
51	snpPG00098	17578	56	17522	17430
51	snpPG00049	17578	54	17524	17436
51	snpPG00071	17578	54	17524	17436
51	snpPG00088	17578	55	17523	17436
51	snpPG00093	17578	56	17522	17436
51	snpPG00062	17578	54	17524	17437
51	snpPG00076	17578	55	17523	17437
51	snpPG00078	17578	54	17524	17437
51	snpPG00082	17578	54	17524	17437
51	snpPG00092	17578	54	17524	17437
51	snpPG00048	17578	54	17524	17438
51	snpPG00051	17578	54	17524	17438
51	snpPG00053	17578	54	17524	17438
51	snpPG00056	17578	55	17523	17438
51	snpPG00059	17578	54	17524	17438
51	snpPG00063	17578	54	17524	17438
51	snpPG00074	17578	54	17524	17438
51	snpPG00079	17578	54	17524	17438
51	snpPG00083	17578	54	17524	17438
51	snpPG00086	17578	54	17524	17438
51	snpPG00090	17578	54	17524	17438
51	snpPG00095	17578	54	17524	17438
51	snpPG00096	17578	54	17524	17438
51	snpPG00054	17578	54	17524	17439
51	snpPG00055	17578	54	17524	17439
51	snpPG00057	17578	54	17524	17439
51	snpPG00058	17578	54	17524	17439
51	snpPG00060	17578	54	17524	17439
51	snpPG00061	17578	54	17524	17439
51	snpPG00064	17578	54	17524	17439
51	snpPG00065	17578	54	17524	17439
51	snpPG00066	17578	54	17524	17439
51	snpPG00069	17578	54	17524	17439
51	snpPG00070	17578	54	17524	17439
51	snpPG00072	17578	54	17524	17439
51	snpPG00073	17578	54	17524	17439
51	snpPG00077	17578	54	17524	17439
51	snpPG00080	17578	54	17524	17439
51	snpPG00081	17578	54	17524	17439
51	snpPG00084	17578	54	17524	17439
51	snpPG00085	17578	54	17524	17439
51	snpPG00087	17578	54	17524	17439
51	snpPG00089	17578	54	17524	17439
51	snpPG00091	17578	54	17524	17439
51	snpPG00094	17578	56	17522	17439
51	snpPG00097	17578	54	17524	17439
51	snpPG00099	17578	54	17524	17439
52	snpPG00075	17578	75	17503	17392
52	snpPG00067	17578	77	17501	17393
52	snpPG00050	17578	80	17498	17398
52	snpPG00068	17578	60	17518	17429
52	snpPG00098	17578	56	17522	17430
52	snpPG00049	17578	54	17524	17436
52	snpPG00071	17578	54	17524	17436
52	snpPG00088	17578	55	17523	17436
52	snpPG00093	17578	56	17522	17436
52	snpPG00062	17578	54	17524	17437
52	snpPG00078	17578	54	17524	17437
52	snpPG00082	17578	54	17524	17437
52	snpPG00092	17578	54	17524	17437
52	snpPG00048	17578	54	17524	17438
52	snpPG00051	17578	54	17524	17438
52	snpPG00053	17578	54	17524	17438
52	snpPG00059	17578	54	17524	17438
52	snpPG00063	17578	54	17524	17438
52	snpPG00074	17578	54	17524	17438
52	snpPG00076	17578	55	17523	17438
52	snpPG00079	17578	54	17524	17438
52	snpPG00086	17578	54	17524	17438
52	snpPG00095	17578	54	17524	17438
52	snpPG00096	17578	54	17524	17438
52	snpPG00052	17578	54	17524	17439
52	snpPG00054	17578	54	17524	17439
52	snpPG00055	17578	54	17524	17439
52	snpPG00056	17578	55	17523	17439
52	snpPG00057	17578	54	17524	17439
52	snpPG00058	17578	54	17524	17439
52	snpPG00060	17578	54	17524	17439
52	snpPG00061	17578	54	17524	17439
52	snpPG00064	17578	54	17524	17439
52	snpPG00065	17578	54	17524	17439
52	snpPG00066	17578	54	17524	17439
52	snpPG00069	17578	54	17524	17439
52	snpPG00070	17578	54	17524	17439
52	snpPG00072	17578	54	17524	17439
52	snpPG00073	17578	54	17524	17439
52	snpPG00077	17578	54	17524	17439
52	snpPG00080	17578	54	17524	17439
52	snpPG00081	17578	54	17524	17439
52	snpPG00083	17578	54	17524	17439
52	snpPG00084	17578	54	17524	17439
52	snpPG00085	17578	54	17524	17439
52	snpPG00087	17578	54	17524	17439
52	snpPG00089	17578	54	17524	17439
52	snpPG00090	17578	54	17524	17439
52	snpPG00091	17578	54	17524	17439
52	snpPG00094	17578	56	17522	17439
52	snpPG00097	17578	54	17524	17439
52	snpPG00099	17578	54	17524	17439
53	snpPG00075	17578	75	17503	17392
53	snpPG00067	17578	77	17501	17393
53	snpPG00050	17578	80	17498	17398
53	snpPG00068	17578	60	17518	17429
53	snpPG00098	17578	56	17522	17430
53	snpPG00049	17578	54	17524	17436
53	snpPG00071	17578	54	17524	17436
53	snpPG00088	17578	55	17523	17436
53	snpPG00093	17578	56	17522	17436
53	snpPG00062	17578	54	17524	17437
53	snpPG00078	17578	54	17524	17437
53	snpPG00092	17578	54	17524	17437
53	snpPG00048	17578	54	17524	17438
53	snpPG00053	17578	54	17524	17438
53	snpPG00059	17578	54	17524	17438
53	snpPG00063	17578	54	17524	17438
53	snpPG00074	17578	54	17524	17438
53	snpPG00076	17578	55	17523	17438
53	snpPG00082	17578	54	17524	17438
53	snpPG00086	17578	54	17524	17438
53	snpPG00095	17578	54	17524	17438
53	snpPG00047	17578	54	17524	17439
53	snpPG00051	17578	54	17524	17439
53	snpPG00052	17578	54	17524	17439
53	snpPG00054	17578	54	17524	17439
53	snpPG00055	17578	54	17524	17439
53	snpPG00056	17578	55	17523	17439
53	snpPG00057	17578	54	17524	17439
53	snpPG00058	17578	54	17524	17439
53	snpPG00060	17578	54	17524	17439
53	snpPG00061	17578	54	17524	17439
53	snpPG00064	17578	54	17524	17439
53	snpPG00065	17578	54	17524	17439
53	snpPG00066	17578	54	17524	17439
53	snpPG00069	17578	54	17524	17439
53	snpPG00070	17578	54	17524	17439
53	snpPG00072	17578	54	17524	17439
53	snpPG00073	17578	54	17524	17439
53	snpPG00077	17578	54	17524	17439
53	snpPG00079	17578	54	17524	17439
53	snpPG00080	17578	54	17524	17439
53	snpPG00081	17578	54	17524	17439
53	snpPG00083	17578	54	17524	17439
53	snpPG00084	17578	54	17524	17439
53	snpPG00085	17578	54	17524	17439
53	snpPG00087	17578	54	17524	17439
53	snpPG00089	17578	54	17524	17439
53	snpPG00090	17578	54	17524	17439
53	snpPG00091	17578	54	17524	17439
53	snpPG00094	17578	56	17522	17439
53	snpPG00096	17578	54	17524	17439
53	snpPG00097	17578	54	17524	17439
53	snpPG00099	17578	54	17524	17439
54	snpPG00075	17578	75	17503	17392
54	snpPG00067	17578	77	17501	17393
54	snpPG00050	17578	80	17498	17398
54	snpPG00068	17578	60	17518	17429
54	snpPG00098	17578	56	17522	17430
54	snpPG00049	17578	54	17524	17436
54	snpPG00071	17578	54	17524	17436
54	snpPG00088	17578	55	17523	17436
54	snpPG00093	17578	56	17522	17436
54	snpPG00062	17578	54	17524	17437
54	snpPG00078	17578	54	17524	17437
54	snpPG00092	17578	54	17524	17437
54	snpPG00048	17578	54	17524	17438
54	snpPG00053	17578	54	17524	17438
54	snpPG00059	17578	54	17524	17438
54	snpPG00063	17578	54	17524	17438
54	snpPG00074	17578	54	17524	17438
54	snpPG00076	17578	55	17523	17438
54	snpPG00082	17578	54	17524	17438
54	snpPG00086	17578	54	17524	17438
54	snpPG00095	17578	54	17524	17438
54	snpPG00046	17578	54	17524	17439
54	snpPG00047	17578	54	17524	17439
54	snpPG00051	17578	54	17524	17439
54	snpPG00052	17578	54	17524	17439
54	snpPG00054	17578	54	17524	17439
54	snpPG00055	17578	54	17524	17439
54	snpPG00056	17578	55	17523	17439
54	snpPG00057	17578	54	17524	17439
54	snpPG00058	17578	54	17524	17439
54	snpPG00060	17578	54	17524	17439
54	snpPG00061	17578	54	17524	17439
54	snpPG00064	17578	54	17524	17439
54	snpPG00065	17578	54	17524	17439
54	snpPG00066	17578	54	17524	17439
54	snpPG00069	17578	54	17524	17439
54	snpPG00070	17578	54	17524	17439
54	snpPG00072	17578	54	17524	17439
54	snpPG00073	17578	54	17524	17439
54	snpPG00077	17578	54	17524	17439
54	snpPG00079	17578	54	17524	17439
54	snpPG00080	17578	54	17524	17439
54	snpPG00081	17578	54	17524	17439
54	snpPG00083	17578	54	17524	17439
54	snpPG00084	17578	54	17524	17439
54	snpPG00085	17578	54	17524	17439
54	snpPG00087	17578	54	17524	17439
54	snpPG00089	17578	54	17524	17439
54	snpPG00090	17578	54	17524	17439
54	snpPG00091	17578	54	17524	17439
54	snpPG00094	17578	56	17522	17439
54	snpPG00096	17578	54	17524	17439
54	snpPG00097	17578	54	17524	17439
54	snpPG00099	17578	54	17524	17439
