marker_name	total_samples	missing_count	missing_percentage	major_allele	major_allele_count	major_allale_freq	minor_allele	minor_allele_count	minor_allale_freq	het_count	het_propotion	PIC
snpSB00106	752	217	28.86	C	631	0.59	T	439	0.41	35	0.07	0.37
snpSB00109	752	137	18.22	C	919	0.75	G	311	0.25	25	0.04	0.3
snpSB00110	752	123	16.36	T	1074	0.85	G	184	0.15	12	0.02	0.22
snpSB00143	752	116	15.43	G	943	0.74	C	329	0.26	7	0.01	0.31
snpSB00144	752	134	17.82	A	942	0.76	G	294	0.24	10	0.02	0.3
snpSB00146	752	115	15.29	C	1148	0.9	T	126	0.1	6	0.01	0.16
snpSB00148	752	112	14.89	A	1269	0.99	C	11	0.01	1	0.0	0.02
snpSB00158	752	117	15.56	C	784	0.62	G	486	0.38	10	0.02	0.36
snpSB00164	752	148	19.68	A	756	0.63	G	452	0.37	0	0.0	0.36
snpSB00169	752	114	15.16	T	1261	0.99	C	15	0.01	3	0.0	0.02
snpSB00315	752	116	15.43	C	1031	0.81	A	241	0.19	9	0.01	0.26
snpSB00317	752	125	16.62	C	1213	0.97	T	41	0.03	1	0.0	0.06
snpSB00284	752	110	14.63	G	1254	0.98	A	30	0.02	0	0.0	0.04
snpSB00294	752	120	15.96	T	1211	0.96	G	53	0.04	51	0.08	0.07
snpSB00305	752	140	18.62	A	1109	0.91	C	115	0.09	9	0.01	0.15
snpSB00312	752	137	18.22	A	1169	0.95	G	61	0.05	1	0.0	0.09
snpSB00313	752	146	19.41	G	606	0.5	A	606	0.5	12	0.02	0.38
snpSB00314	752	141	18.75	G	873	0.71	C	349	0.29	15	0.02	0.33
snpSB00318	752	266	35.37	G	611	0.63	A	361	0.37	53	0.11	0.36
snpSB00319	752	127	16.89	T	901	0.72	C	349	0.28	3	0.0	0.32
snpSB00320	752	128	17.02	T	819	0.66	C	429	0.34	7	0.01	0.35
snpSB00321	752	124	16.49	G	907	0.72	T	349	0.28	9	0.01	0.32
snpSB00323	752	130	17.29	A	745	0.6	G	499	0.4	11	0.02	0.36
snpSB00324	752	70	9.31	C	758	0.56	G	606	0.44	0	0.0	0.37
snpSB00325	752	201	26.73	C	554	0.5	G	548	0.5	0	0.0	0.38
snpSB00326	752	182	24.2	G	578	0.51	C	562	0.49	0	0.0	0.37
snpSB00327	752	266	35.37	T	682	0.7	A	290	0.3	20	0.04	0.33
snpSB00328	752	250	33.24	A	881	0.88	G	123	0.12	47	0.09	0.19
snpSB00330	752	190	25.27	A	1063	0.95	G	61	0.05	3	0.01	0.09
snpSB00332	752	193	25.66	A	834	0.75	G	284	0.25	6	0.01	0.3
snpSB00335	752	192	25.53	T	657	0.59	G	463	0.41	21	0.04	0.37
snpSB00338	752	204	27.13	C	995	0.91	A	101	0.09	1	0.0	0.15
snpSB00341	752	208	27.66	C	683	0.63	G	405	0.37	17	0.03	0.36
snpSB00343	752	195	25.93	C	605	0.54	T	509	0.46	447	0.8	0.37
snpSB00344	752	241	32.05	G	1022	1.0	na	0	0.0	0	0.0	0.0
snpSB00345	752	212	28.19	G	926	0.86	C	154	0.14	12	0.02	0.21
snpSB00346	752	266	35.37	T	910	0.94	C	62	0.06	6	0.01	0.11
snpSB00347	752	270	35.9	C	782	0.81	T	182	0.19	4	0.01	0.26
snpSB00348	752	11	1.46	G	1326	0.89	C	156	0.11	8	0.01	0.18
snpSB00351	752	268	35.64	C	615	0.64	T	353	0.36	321	0.66	0.35
snpSB00352	752	142	18.88	T	1202	0.99	C	18	0.01	8	0.01	0.02
snpSB00354	752	182	24.2	T	913	0.8	C	227	0.2	201	0.35	0.27
snpSB00356	752	140	18.62	T	1224	1.0	na	0	0.0	0	0.0	0.0
snpSB00357	752	142	18.88	G	1118	0.92	A	102	0.08	0	0.0	0.14
snpSB00358	752	235	31.25	G	1017	0.98	A	17	0.02	5	0.01	0.04
snpSB00359	752	145	19.28	A	748	0.62	G	466	0.38	24	0.04	0.36
snpSB00360	752	119	15.82	A	1254	0.99	C	12	0.01	2	0.0	0.02
snpSB00361	752	196	26.06	A	921	0.83	G	191	0.17	11	0.02	0.24
snpSB00362	752	122	16.22	G	874	0.69	C	386	0.31	12	0.02	0.34
snpSB00363	752	123	16.36	C	1164	0.93	T	94	0.07	10	0.02	0.12
snpSB00364	752	122	16.22	G	660	0.52	A	600	0.48	0	0.0	0.37
snpSB00365	752	113	15.03	C	1010	0.79	T	268	0.21	10	0.02	0.28
snpSB00366	752	151	20.08	T	705	0.59	A	497	0.41	27	0.04	0.37
snpSB00367	752	247	32.85	C	1010	1.0	na	0	0.0	0	0.0	0.0
snpSB00368	752	139	18.48	T	829	0.68	C	397	0.32	29	0.05	0.34
snpSB00369	752	117	15.56	G	772	0.61	A	498	0.39	32	0.05	0.36
snpSB00370	752	134	17.82	T	1079	0.87	C	157	0.13	11	0.02	0.2
snpSB00371	752	18	2.39	A	1170	0.8	G	298	0.2	0	0.0	0.27
snpSB00372	752	135	17.95	A	1013	0.82	G	221	0.18	13	0.02	0.25
snpSB00376	752	117	15.56	G	1174	0.92	A	96	0.08	6	0.01	0.14
snpSB00379	752	133	17.69	A	923	0.75	G	315	0.25	309	0.5	0.3
snpSB00382	752	131	17.42	C	765	0.62	T	477	0.38	33	0.05	0.36
snpSB00383	752	143	19.02	G	660	0.54	C	558	0.46	540	0.89	0.37
snpSB00384	752	145	19.28	C	1092	0.9	G	122	0.1	18	0.03	0.16
snpSB00387	752	126	16.76	T	756	0.6	C	496	0.4	26	0.04	0.36
snpSB00388	752	137	18.22	C	846	0.69	A	384	0.31	16	0.03	0.34
snpSB00389	752	121	16.09	G	1037	0.82	A	225	0.18	7	0.01	0.25
