marker_name	total_samples	missing_count	missing_percentage	major_allele	major_allele_count	major_allale_freq	minor_allele	minor_allele_count	minor_allale_freq	het_count	het_propotion
snpSB00106	752	217	28.86	C	632	0.59	T	440	0.41	35	0.07
snpSB00109	752	137	18.22	C	920	0.75	G	312	0.25	25	0.04
snpSB00110	752	123	16.36	T	1075	0.85	G	185	0.15	12	0.02
snpSB00143	752	116	15.43	G	944	0.74	C	330	0.26	7	0.01
snpSB00144	752	134	17.82	A	943	0.76	G	295	0.24	10	0.02
snpSB00146	752	115	15.29	C	1149	0.9	T	127	0.1	6	0.01
snpSB00148	752	112	14.89	A	1270	0.99	C	12	0.01	1	0.0
snpSB00158	752	117	15.56	C	785	0.62	G	487	0.38	10	0.02
snpSB00164	752	148	19.68	A	757	0.63	G	453	0.38	0	0.0
snpSB00169	752	114	15.16	T	1262	0.99	C	16	0.01	3	0.0
snpSB00315	752	116	15.43	C	1032	0.81	A	242	0.19	9	0.01
snpSB00317	752	125	16.62	C	1214	0.97	T	42	0.03	1	0.0
snpSB00284	752	110	14.63	G	1255	0.98	A	31	0.02	0	0.0
snpSB00294	752	120	15.96	T	1212	0.96	G	54	0.04	51	0.08
snpSB00305	752	140	18.62	A	1110	0.91	C	116	0.09	9	0.01
snpSB00312	752	137	18.22	A	1170	0.95	G	62	0.05	1	0.0
snpSB00313	752	146	19.41	G	607	0.5	A	607	0.5	12	0.02
snpSB00314	752	141	18.75	G	874	0.72	C	350	0.29	15	0.02
snpSB00318	752	266	35.37	G	612	0.63	A	362	0.37	53	0.11
snpSB00319	752	127	16.89	T	902	0.72	C	350	0.28	3	0.0
snpSB00320	752	128	17.02	T	820	0.66	C	430	0.34	7	0.01
snpSB00321	752	124	16.49	G	908	0.72	T	350	0.28	9	0.01
snpSB00323	752	130	17.29	A	746	0.6	G	500	0.4	11	0.02
snpSB00324	752	70	9.31	C	759	0.56	G	607	0.45	0	0.0
snpSB00325	752	201	26.73	C	555	0.5	G	549	0.5	0	0.0
snpSB00326	752	182	24.2	G	579	0.51	C	563	0.49	0	0.0
snpSB00327	752	266	35.37	T	683	0.7	A	291	0.3	20	0.04
snpSB00328	752	250	33.24	A	882	0.88	G	124	0.12	47	0.09
snpSB00330	752	190	25.27	A	1064	0.95	G	62	0.06	3	0.01
snpSB00332	752	193	25.66	A	835	0.75	G	285	0.25	6	0.01
snpSB00335	752	192	25.53	T	658	0.59	G	464	0.41	21	0.04
snpSB00338	752	204	27.13	C	996	0.91	A	102	0.09	1	0.0
snpSB00341	752	208	27.66	C	684	0.63	G	406	0.37	17	0.03
snpSB00343	752	195	25.93	C	606	0.54	T	510	0.46	447	0.8
snpSB00344	752	241	32.05	G	1023	1.0	na	0	0.0	0	0.0
snpSB00345	752	212	28.19	G	927	0.86	C	155	0.14	12	0.02
snpSB00346	752	266	35.37	T	911	0.94	C	63	0.06	6	0.01
snpSB00347	752	270	35.9	C	783	0.81	T	183	0.19	4	0.01
snpSB00348	752	11	1.46	G	1327	0.9	C	157	0.11	8	0.01
snpSB00351	752	268	35.64	C	616	0.64	T	354	0.37	321	0.66
snpSB00352	752	142	18.88	T	1203	0.99	C	19	0.02	8	0.01
snpSB00354	752	182	24.2	T	914	0.8	C	228	0.2	201	0.35
snpSB00356	752	140	18.62	T	1225	1.0	na	0	0.0	0	0.0
snpSB00357	752	142	18.88	G	1119	0.92	A	103	0.08	0	0.0
snpSB00358	752	235	31.25	G	1018	0.98	A	18	0.02	5	0.01
snpSB00359	752	145	19.28	A	749	0.62	G	467	0.38	24	0.04
snpSB00360	752	119	15.82	A	1255	0.99	C	13	0.01	2	0.0
snpSB00361	752	196	26.06	A	922	0.83	G	192	0.17	11	0.02
snpSB00362	752	122	16.22	G	875	0.69	C	387	0.31	12	0.02
snpSB00363	752	123	16.36	C	1165	0.93	T	95	0.08	10	0.02
snpSB00364	752	122	16.22	G	661	0.52	A	601	0.48	0	0.0
snpSB00365	752	113	15.03	C	1011	0.79	T	269	0.21	10	0.02
snpSB00366	752	151	20.08	T	706	0.59	A	498	0.41	27	0.04
snpSB00367	752	247	32.85	C	1011	1.0	na	0	0.0	0	0.0
snpSB00368	752	139	18.48	T	830	0.68	C	398	0.32	29	0.05
snpSB00369	752	117	15.56	G	773	0.61	A	499	0.39	32	0.05
snpSB00370	752	134	17.82	T	1080	0.87	C	158	0.13	11	0.02
snpSB00371	752	18	2.39	A	1171	0.8	G	299	0.2	0	0.0
snpSB00372	752	135	17.95	A	1014	0.82	G	222	0.18	13	0.02
snpSB00376	752	117	15.56	G	1175	0.93	A	97	0.08	6	0.01
snpSB00379	752	133	17.69	A	924	0.75	G	316	0.26	309	0.5
snpSB00382	752	131	17.42	C	766	0.62	T	478	0.38	33	0.05
snpSB00383	752	143	19.02	G	661	0.54	C	559	0.46	540	0.89
snpSB00384	752	145	19.28	C	1093	0.9	G	123	0.1	18	0.03
snpSB00387	752	126	16.76	T	757	0.6	C	497	0.4	26	0.04
snpSB00388	752	137	18.22	C	847	0.69	A	385	0.31	16	0.03
snpSB00389	752	121	16.09	G	1038	0.82	A	226	0.18	7	0.01
