sample_name	total_marker	missing_count	missing_percentage	major_allele	major_allele_count	major_allale_freq	minor_allele	minor_allele_count	minor_allale_freq	het_count	het_propotion
DT-1	54	6	11.11	T	28	0.29	A	24	0.25	8	0.17
DT-2	54	3	5.56	C	30	0.29	A	29	0.28	1	0.02
DT-3	54	2	3.7	C	30	0.29	G	28	0.27	0	0.0
DT-4	54	2	3.7	G	32	0.31	C	26	0.25	0	0.0
DT-5	54	2	3.7	G	30	0.29	A	28	0.27	3	0.06
DT-6	54	2	3.7	C	32	0.31	G	29	0.28	1	0.02
DT-7	54	3	5.56	C	31	0.3	A	26	0.25	1	0.02
DT-8	54	4	7.41	A	28	0.28	C	27	0.27	3	0.06
DT-9	54	31	57.41	G	22	0.48	C	12	0.26	0	0.0
DT-10	54	1	1.85	A	28	0.26	T	26	0.25	0	0.0
DT-11	54	1	1.85	C	32	0.3	G	28	0.26	0	0.0
DT-12	54	1	1.85	C	32	0.3	G	27	0.25	1	0.02
DT-13	54	2	3.7	G	33	0.32	T	28	0.27	1	0.02
DT-14	54	2	3.7	A	30	0.29	G	30	0.29	0	0.0
DT-15	54	2	3.7	G	36	0.35	C	29	0.28	2	0.04
DT-16	54	37	68.52	G	20	0.59	A	6	0.18	0	0.0
DT-17	54	2	3.7	G	32	0.31	T	28	0.27	0	0.0
DT-18	54	3	5.56	G	36	0.35	C	28	0.27	0	0.0
DT-19	54	2	3.7	G	36	0.35	C	28	0.27	0	0.0
DT-20	54	4	7.41	G	43	0.43	C	28	0.28	1	0.02
DT-21	54	2	3.7	G	42	0.4	C	24	0.23	2	0.04
DT-22	54	1	1.85	C	34	0.32	G	30	0.28	0	0.0
DT-23	54	1	1.85	G	36	0.34	C	36	0.34	0	0.0
DT-24	54	2	3.7	C	32	0.31	G	31	0.3	1	0.02
DT-25	54	3	5.56	C	32	0.31	A	26	0.25	1	0.02
DT-26	54	1	1.85	G	32	0.3	C	32	0.3	0	0.0
DT-27	54	2	3.7	C	34	0.33	A	28	0.27	0	0.0
DT-28	54	1	1.85	G	35	0.33	C	28	0.26	1	0.02
DT-29	54	1	1.85	C	34	0.32	G	31	0.29	1	0.02
DT-30	54	1	1.85	G	32	0.3	C	32	0.3	0	0.0
DT-31	54	1	1.85	G	28	0.26	C	27	0.25	3	0.06
DT-32	54	1	1.85	C	36	0.34	G	29	0.27	1	0.02
DT-33	54	2	3.7	G	30	0.29	C	30	0.29	0	0.0
DT-34	54	4	7.41	G	32	0.32	C	26	0.26	0	0.0
DT-35	54	2	3.7	G	33	0.32	C	28	0.27	1	0.02
DT-36	54	2	3.7	C	32	0.31	G	30	0.29	0	0.0
DT-37	54	1	1.85	G	32	0.3	C	28	0.26	0	0.0
DT-38	54	1	1.85	G	35	0.33	C	32	0.3	3	0.06
DT-39	54	2	3.7	G	34	0.33	C	34	0.33	2	0.04
DT-40	54	1	1.85	C	30	0.28	T	28	0.26	1	0.02
DT-41	54	2	3.7	A	32	0.31	C	31	0.3	2	0.04
DT-42	54	1	1.85	C	34	0.32	G	33	0.31	1	0.02
DT-43	54	1	1.85	C	30	0.28	T	28	0.26	0	0.0
DT-44	54	1	1.85	C	37	0.35	G	29	0.27	2	0.04
DT-45	54	1	1.85	C	32	0.3	G	31	0.29	1	0.02
DT-46	54	1	1.85	C	37	0.35	G	36	0.34	2	0.04
DT-47	54	3	5.56	G	30	0.29	T	26	0.25	0	0.0
DT-48	54	2	3.7	C	34	0.33	G	31	0.3	1	0.02
DT-49	54	2	3.7	C	33	0.32	G	32	0.31	3	0.06
DT-50	54	6	11.11	G	34	0.35	C	34	0.35	5	0.1
DT-51	54	1	1.85	G	33	0.31	C	30	0.28	1	0.02
DT-52	54	1	1.85	G	40	0.38	C	36	0.34	0	0.0
DT-53	54	1	1.85	C	31	0.29	G	30	0.28	1	0.02
DT-54	54	1	1.85	C	34	0.32	G	30	0.28	0	0.0
DT-55	54	1	1.85	G	36	0.34	C	34	0.32	0	0.0
DT-56	54	1	1.85	G	37	0.35	C	30	0.28	1	0.02
DT-57	54	2	3.7	G	36	0.35	C	30	0.29	0	0.0
DT-58	54	1	1.85	C	30	0.28	G	28	0.26	2	0.04
DT-59	54	2	3.7	C	32	0.31	A	28	0.27	1	0.02
DT-60	54	3	5.56	G	35	0.34	C	30	0.29	5	0.1
DT-61	54	1	1.85	C	32	0.3	G	28	0.26	0	0.0
DT-62	54	3	5.56	G	40	0.39	C	24	0.24	0	0.0
IZ-1	54	1	1.85	C	36	0.34	A	26	0.25	0	0.0
IZ-2	54	2	3.7	G	32	0.31	C	32	0.31	0	0.0
IZ-3	54	2	3.7	C	28	0.27	G	27	0.26	1	0.02
IZ-4	54	3	5.56	G	32	0.31	C	28	0.27	3	0.06
IZ-5	54	2	3.7	G	30	0.29	C	26	0.25	0	0.0
IZ-6	54	2	3.7	A	29	0.28	C	28	0.27	1	0.02
IZ-7	54	3	5.56	G	31	0.3	C	30	0.29	1	0.02
IZ-8	54	5	9.26	G	30	0.31	C	27	0.28	2	0.04
IZ-9	54	1	1.85	G	33	0.31	C	30	0.28	1	0.02
IZ-10	54	1	1.85	G	42	0.4	C	32	0.3	0	0.0
IZ-11	54	2	3.7	G	37	0.36	C	28	0.27	1	0.02
IZ-12	54	2	3.7	G	30	0.29	C	30	0.29	0	0.0
IZ-13	54	2	3.7	C	32	0.31	G	29	0.28	1	0.02
IZ-14	54	3	5.56	G	34	0.33	C	32	0.31	0	0.0
IZ-15	54	2	3.7	G	33	0.32	C	28	0.27	1	0.02
IZ-16	54	1	1.85	G	39	0.37	C	36	0.34	1	0.02
IZ-17	54	2	3.7	G	36	0.35	C	30	0.29	0	0.0
IZ-18	54	1	1.85	C	32	0.3	G	31	0.29	17	0.32
IZ-19	54	4	7.41	G	34	0.34	C	28	0.28	5	0.1
IZ-20	54	1	1.85	C	36	0.34	G	31	0.29	1	0.02
IZ-21	54	3	5.56	G	33	0.32	C	29	0.28	2	0.04
IZ-22	54	2	3.7	G	36	0.35	C	32	0.31	0	0.0
IZ-23	54	2	3.7	A	32	0.31	C	32	0.31	0	0.0
IZ-24	54	2	3.7	G	36	0.35	C	30	0.29	0	0.0
IZ-25	54	3	5.56	A	30	0.29	G	28	0.27	0	0.0
IZ-27	54	2	3.7	C	32	0.31	G	26	0.25	9	0.17
IZ-28	54	2	3.7	A	30	0.29	C	28	0.27	0	0.0
IZ-29	54	1	1.85	C	34	0.32	G	28	0.26	0	0.0
IZ-30	54	1	1.85	G	35	0.33	C	27	0.25	1	0.02
IZ-31	54	2	3.7	G	42	0.4	C	24	0.23	0	0.0
IZ-32	54	1	1.85	G	37	0.35	T	24	0.23	1	0.02
IZ-33	54	1	1.85	A	34	0.32	C	34	0.32	0	0.0
IZ-35	54	2	3.7	C	34	0.33	G	33	0.32	3	0.06
IZ-36	54	3	5.56	C	30	0.29	G	29	0.28	1	0.02
IZ-37	54	3	5.56	G	33	0.32	C	32	0.31	1	0.02
IZ-38	54	2	3.7	G	31	0.3	C	31	0.3	1	0.02
IZ-39	54	1	1.85	C	34	0.32	G	29	0.27	1	0.02
IZ-40	54	1	1.85	G	39	0.37	C	34	0.32	13	0.25
IZ-41	54	2	3.7	C	30	0.29	G	28	0.27	0	0.0
IZ-42	54	2	3.7	G	34	0.33	A	24	0.23	0	0.0
IZ-43	54	1	1.85	G	34	0.32	C	29	0.27	2	0.04
IZ-44	54	3	5.56	G	38	0.37	C	30	0.29	0	0.0
IZ-45	54	2	3.7	G	42	0.4	C	30	0.29	0	0.0
IZ-46	54	2	3.7	C	32	0.31	G	28	0.27	0	0.0
IZ-47	54	2	3.7	C	34	0.33	G	27	0.26	1	0.02
IZ-48	54	3	5.56	C	33	0.32	G	30	0.29	9	0.18
IZ-49	54	2	3.7	G	32	0.31	T	26	0.25	0	0.0
IZ-50	54	2	3.7	G	31	0.3	C	28	0.27	1	0.02
IZ-51	54	2	3.7	G	34	0.33	C	28	0.27	0	0.0
IZ-52	54	3	5.56	C	29	0.28	G	26	0.25	3	0.06
IZ-53	54	1	1.85	G	36	0.34	C	30	0.28	0	0.0
IZ-54	54	2	3.7	G	46	0.44	C	28	0.27	0	0.0
IZ-55	54	2	3.7	G	38	0.37	C	28	0.27	0	0.0
IZ-56	54	4	7.41	G	38	0.38	C	34	0.34	0	0.0
IZ-57	54	2	3.7	G	31	0.3	A	29	0.28	20	0.38
IZ-58	54	3	5.56	G	48	0.47	C	24	0.24	0	0.0
IZ-59	54	1	1.85	G	31	0.29	C	30	0.28	1	0.02
IZ-60	54	2	3.7	C	30	0.29	G	26	0.25	0	0.0
IZ-61	54	1	1.85	G	37	0.35	C	32	0.3	1	0.02
IZ-62	54	2	3.7	G	36	0.35	C	32	0.31	0	0.0
IZ-63	54	1	1.85	C	34	0.32	A	26	0.25	0	0.0
IZ-64	54	2	3.7	G	31	0.3	A	27	0.26	5	0.1
IZ-65	54	2	3.7	G	32	0.31	C	28	0.27	0	0.0
IZ-66	54	1	1.85	C	36	0.34	G	32	0.3	0	0.0
IZ-67	54	1	1.85	C	37	0.35	G	32	0.3	8	0.15
IZ-68	54	1	1.85	G	31	0.29	C	29	0.27	2	0.04
IZ-69	54	3	5.56	G	42	0.41	T	23	0.23	1	0.02
IZ-70	54	2	3.7	G	34	0.33	A	28	0.27	0	0.0
IZ-71	54	5	9.26	C	28	0.29	G	26	0.27	0	0.0
IZ-72	54	2	3.7	G	30	0.29	A	26	0.25	0	0.0
IZ-73	54	3	5.56	C	31	0.3	A	29	0.28	2	0.04
IZ-74	54	1	1.85	A	28	0.26	C	28	0.26	1	0.02
IZ-75	54	2	3.7	C	32	0.31	A	26	0.25	4	0.08
IZ-76	54	2	3.7	C	34	0.33	A	26	0.25	0	0.0
IZ-77	54	2	3.7	G	41	0.39	A	23	0.22	2	0.04
IZ-78	54	1	1.85	C	34	0.32	A	30	0.28	0	0.0
IZ-79	54	2	3.7	C	36	0.35	G	30	0.29	0	0.0
IZ-80	54	1	1.85	C	35	0.33	G	29	0.27	2	0.04
IZ-81	54	3	5.56	C	29	0.28	A	27	0.26	7	0.14
IZ-82	54	24	44.44	G	18	0.3	C	18	0.3	0	0.0
IZ-83	54	3	5.56	C	28	0.27	G	26	0.25	20	0.39
IZ-84	54	1	1.85	G	38	0.36	C	31	0.29	1	0.02
IZ-85	54	1	1.85	G	40	0.38	C	25	0.24	6	0.11
IZ-86	54	2	3.7	C	33	0.32	G	26	0.25	3	0.06
IZ-87	54	1	1.85	G	36	0.34	A	24	0.23	0	0.0
IZ-88	54	1	1.85	G	35	0.33	T	31	0.29	1	0.02
IZ-89	54	1	1.85	G	30	0.28	C	29	0.27	7	0.13
IZ-90	54	1	1.85	C	34	0.32	G	32	0.3	0	0.0
IZ-91	54	2	3.7	C	38	0.37	G	35	0.34	1	0.02
IZ-92	54	3	5.56	G	37	0.36	C	26	0.25	1	0.02
IZ-93	54	2	3.7	C	33	0.32	G	30	0.29	1	0.02
IZ-94	54	1	1.85	G	30	0.28	T	28	0.26	3	0.06
IZ-95	54	2	3.7	G	32	0.31	C	29	0.28	3	0.06
IZ-96	54	1	1.85	C	34	0.32	T	28	0.26	0	0.0
IZ-97	54	1	1.85	G	38	0.36	C	30	0.28	0	0.0
IZ-98	54	2	3.7	C	36	0.35	G	31	0.3	10	0.19
IZ-99	54	1	1.85	G	38	0.36	C	36	0.34	0	0.0
IZ-100	54	1	1.85	C	36	0.34	G	35	0.33	1	0.02
IZ-101	54	2	3.7	C	34	0.33	G	28	0.27	0	0.0
IZ-102	54	4	7.41	C	34	0.34	G	30	0.3	0	0.0
IZ-103	54	2	3.7	C	39	0.38	G	30	0.29	1	0.02
IZ-104	54	2	3.7	C	36	0.35	G	24	0.23	0	0.0
IZ-105	54	1	1.85	C	36	0.34	G	27	0.25	1	0.02
IZ-106	54	1	1.85	C	38	0.36	G	36	0.34	0	0.0
IZ-108	54	48	88.89	G	10	0.83	T	2	0.17	0	0.0
IZ-109	54	1	1.85	C	34	0.32	G	30	0.28	0	0.0
IZ-110	54	1	1.85	C	32	0.3	G	29	0.27	1	0.02
IZ-111	54	2	3.7	G	26	0.25	T	26	0.25	0	0.0
IZ-112	54	2	3.7	G	38	0.37	C	25	0.24	6	0.12
IZ-113	54	1	1.85	A	31	0.29	G	29	0.27	2	0.04
IZ-114	54	1	1.85	T	30	0.28	G	29	0.27	3	0.06
IZ-115	54	1	1.85	G	31	0.29	C	30	0.28	3	0.06
IZ-116	54	5	9.26	G	37	0.38	C	29	0.3	4	0.08
IZ-117	54	1	1.85	G	34	0.32	C	29	0.27	7	0.13
IZ-118	54	3	5.56	A	30	0.29	G	29	0.28	3	0.06
IZ-119	54	2	3.7	G	32	0.31	C	31	0.3	13	0.25
IZ-120	54	1	1.85	C	40	0.38	G	35	0.33	3	0.06
IZ-121	54	1	1.85	C	36	0.34	G	35	0.33	3	0.06
IZ-122	54	1	1.85	C	30	0.28	G	27	0.25	5	0.09
IZ-124	54	6	11.11	C	30	0.31	G	26	0.27	3	0.06
IZ-125	54	2	3.7	C	32	0.31	G	27	0.26	1	0.02
IZ-126	54	1	1.85	G	31	0.29	C	30	0.28	1	0.02
IZ-127	54	3	5.56	C	34	0.33	G	29	0.28	1	0.02
IZ-128	54	4	7.41	C	33	0.33	G	29	0.29	10	0.2
IZ-129	54	1	1.85	G	33	0.31	A	25	0.24	2	0.04
IZ-130	54	2	3.7	G	30	0.29	C	30	0.29	0	0.0
