marker_name	total_samples	missing_count	missing_percentage	major_allele	major_allele_count	major_allale_freq	minor_allele	minor_allele_count	minor_allale_freq	het_count	het_propotion	PIC
snpAH00030	376	3	0.8	C	738	0.99	G	8	0.01	0	0.0	0.02
snpAH00031	376	10	2.66	A	380	0.52	G	352	0.48	8	0.02	0.37
snpAH00033	376	5	1.33	C	381	0.51	T	361	0.49	9	0.02	0.37
snpAH00035	376	7	1.86	T	461	0.62	G	277	0.38	11	0.03	0.36
snpAH00037	376	22	5.85	C	361	0.51	A	347	0.49	9	0.03	0.37
snpAH00038	376	31	8.24	C	457	0.66	T	233	0.34	9	0.03	0.35
snpAH00041	376	77	20.48	T	402	0.67	C	196	0.33	6	0.02	0.34
snpAH00042	376	16	4.26	T	479	0.67	G	241	0.33	19	0.05	0.34
snpAH00048	376	27	7.18	G	577	0.83	A	121	0.17	11	0.03	0.24
snpAH00049	376	13	3.46	C	576	0.79	T	150	0.21	12	0.03	0.28
snpAH00053	376	10	2.66	A	514	0.7	G	218	0.3	14	0.04	0.33
snpAH00059	376	26	6.91	T	426	0.61	C	274	0.39	272	0.78	0.36
snpAH00064	376	166	44.15	C	378	0.9	T	42	0.1	42	0.2	0.16
snpAH00066	376	10	2.66	G	459	0.63	A	273	0.37	273	0.75	0.36
snpAH00067	376	19	5.05	C	505	0.71	T	209	0.29	209	0.59	0.33
snpAH00071	376	28	7.45	T	365	0.52	C	331	0.48	7	0.02	0.37
snpAH00079	376	8	2.13	G	537	0.73	T	199	0.27	9	0.02	0.32
snpAH00087	376	9	2.39	C	686	0.93	T	48	0.07	4	0.01	0.12
snpAH00088	376	12	3.19	A	523	0.72	C	205	0.28	9	0.02	0.32
snpAH00091	376	8	2.13	C	452	0.61	T	284	0.39	280	0.76	0.36
