sample_name	total_marker	missing_count	missing_percentage	major_allele	major_allele_count	major_allale_freq	minor_allele	minor_allele_count	minor_allale_freq	het_count	het_propotion
GADAMXN13H2-2	10	1	10.0	G	9	0.5	T	4	0.22	1	0.11
GADAMXN13H2-3	10	2	20.0	G	10	0.62	A	3	0.19	1	0.12
GADAMXN13H2-2-3-1	10	1	10.0	G	14	0.78	T	2	0.11	0	0.0
GADAMXWAHIH1-2-2-1	10	0	0.0	G	8	0.4	A	7	0.35	1	0.1
GADAMXWAHIH1-3-2-1	10	1	10.0	A	8	0.44	G	6	0.33	0	0.0
GADAMXWAHIH1-3-2-2	10	0	0.0	A	9	0.45	G	7	0.35	1	0.1
ICSV172406_A	10	0	0.0	G	8	0.4	T	6	0.3	0	0.0
ICSV172411_A	10	0	0.0	G	8	0.4	T	6	0.3	0	0.0
ICSV172416_A	10	10	100.0	na	0	0.0	na	0	0.0	0	0.0
ICSV172418	10	1	10.0	G	8	0.44	A	6	0.33	2	0.22
ICSV172420	10	2	20.0	A	6	0.38	T	5	0.31	2	0.25
ICSV172423_A	10	0	0.0	A	9	0.45	T	5	0.25	1	0.1
ICSV172419	10	1	10.0	G	6	0.33	A	6	0.33	3	0.33
ICSV172429	10	1	10.0	G	10	0.56	A	6	0.33	0	0.0
ICSV172430	10	0	0.0	G	10	0.5	A	7	0.35	1	0.1
ICSV172431	10	10	100.0	na	0	0.0	na	0	0.0	0	0.0
ICSV172432	10	9	90.0	G	2	1.0	na	0	0.0	0	0.0
ICSV172433	10	10	100.0	na	0	0.0	na	0	0.0	0	0.0
ICSV172434	10	1	10.0	A	8	0.44	G	5	0.28	2	0.22
ICSV172435	10	1	10.0	A	7	0.39	T	5	0.28	1	0.11
ICSV172437	10	1	10.0	A	5	0.28	T	5	0.28	1	0.11
IESV23005DLXWAHI_3-H1-1-1	10	3	30.0	G	8	0.57	A	6	0.43	0	0.0
IESV23010DLXIS12695-H3-1-2-1	10	3	30.0	G	7	0.5	C	3	0.21	2	0.29
IESV23010DLXIS12695-H3-1-2-2	10	9	90.0	G	2	1.0	na	0	0.0	0	0.0
IESV23010DLXIS12695-H3-1_A	10	9	90.0	G	2	1.0	na	0	0.0	0	0.0
IESV24029-SH	10	9	90.0	G	2	1.0	na	0	0.0	0	0.0
IESV24029-SHXICSB479_1-H1-2-1	10	0	0.0	G	14	0.7	T	3	0.15	1	0.1
Kbk_sgm_1	10	0	0.0	G	14	0.7	T	4	0.2	0	0.0
Kbk_sgm_2	10	4	40.0	G	8	0.67	T	2	0.17	0	0.0
IESV91104DLXSRN39H2-1-1-1	10	1	10.0	A	8	0.44	G	8	0.44	3	0.33
IESV92022_1SH	10	3	30.0	A	8	0.57	G	4	0.29	0	0.0
Kbk_sgm_3	10	10	100.0	na	0	0.0	na	0	0.0	0	0.0
IESV23010DLXIS12695-H3-1_B	10	0	0.0	G	8	0.4	T	4	0.2	0	0.0
IS21018	10	0	0.0	G	10	0.5	A	5	0.25	1	0.1
IS8193	10	1	10.0	G	10	0.56	A	6	0.33	0	0.0
NAKHADABO	10	1	10.0	G	8	0.44	T	4	0.22	0	0.0
PGRC_E216740XFRAMIDA-H3-1	10	1	10.0	G	8	0.44	A	5	0.28	1	0.11
SEREDO	10	1	10.0	G	8	0.44	T	4	0.22	0	0.0
SEREDOXICSB479-H1-1-3	10	0	0.0	G	12	0.6	A	4	0.2	2	0.2
SEREDOXICSB479-H1-1-4	10	10	100.0	na	0	0.0	na	0	0.0	0	0.0
SEREDOXSRN39-H2-2-1-1_A	10	10	100.0	na	0	0.0	na	0	0.0	0	0.0
SEREDOXICSB479-H1-1-1-1-1	10	1	10.0	G	8	0.44	C	6	0.33	0	0.0
SEREDOXICSB479-H1-1-1-1-2	10	0	0.0	G	8	0.4	C	6	0.3	1	0.1
SEREDOXICSB479-H1-1-2-1-1	10	0	0.0	G	8	0.4	C	5	0.25	1	0.1
SEREDOXICSB479-H1-1-2-1-2	10	0	0.0	G	12	0.6	T	4	0.2	0	0.0
SEREDOXSRN39-H2-2-1-1	10	0	0.0	G	8	0.4	A	6	0.3	0	0.0
SEREDOXSRN39-H2-2-1-2	10	3	30.0	G	6	0.43	T	4	0.29	0	0.0
SEREDOXWAHI_1-H1-3-2-1	10	10	100.0	na	0	0.0	na	0	0.0	0	0.0
SEREDOXWAHI_1-H1-3-2-2	10	1	10.0	G	8	0.44	A	7	0.39	1	0.11
SEREDOXWAHI_1-H1-3-2-3	10	0	0.0	G	12	0.6	A	4	0.2	0	0.0
SEREDOXWAHI_1-H1-3-3-1	10	0	0.0	G	12	0.6	A	4	0.2	0	0.0
Seso1	10	0	0.0	G	6	0.3	A	6	0.3	0	0.0
SILAXHAKIKAH1-1-2-1	10	1	10.0	G	8	0.44	C	4	0.22	0	0.0
SILAXHAKIKAH1-3-3-1	10	0	0.0	G	10	0.5	A	7	0.35	1	0.1
SILAXWAHIH1-1-1-1	10	1	10.0	G	7	0.39	C	6	0.33	1	0.11
SILAXWAHIH1-1-1-2	10	10	100.0	na	0	0.0	na	0	0.0	0	0.0
SILAXWAHIH2-2-1-1	10	0	0.0	G	10	0.5	A	7	0.35	1	0.1
SRN39	10	1	10.0	G	8	0.44	C	6	0.33	0	0.0
WAGITA	10	0	0.0	A	8	0.4	G	6	0.3	0	0.0
Framida	10	0	0.0	A	8	0.4	C	6	0.3	0	0.0
Hakika	10	0	0.0	G	8	0.4	T	6	0.3	0	0.0
ICSV172411	10	0	0.0	G	8	0.4	T	5	0.25	1	0.1
ICSV172416	10	0	0.0	A	8	0.4	T	6	0.3	0	0.0
ICSV172423	10	9	90.0	G	2	1.0	na	0	0.0	0	0.0
ICSX1520683-1-2-1	10	0	0.0	A	6	0.3	G	5	0.25	1	0.1
ICSX152446-B-2-2-1	10	0	0.0	G	12	0.6	T	4	0.2	0	0.0
ICSX152450-B-1-1-4	10	1	10.0	G	14	0.78	A	3	0.17	1	0.11
ICSX152459-B-1-2-2	10	4	40.0	A	6	0.5	G	4	0.33	0	0.0
ICSX152513-B-3-1-2	10	0	0.0	G	12	0.6	A	5	0.25	1	0.1
ICSX152516-B-2-1-1	10	0	0.0	G	10	0.5	A	7	0.35	1	0.1
ICSX152526-B-2-2-1	10	0	0.0	G	10	0.5	A	6	0.3	0	0.0
ICSX152529-B-1-3-1	10	0	0.0	G	10	0.5	A	6	0.3	0	0.0
ICSX152538-B-1-2-2	10	0	0.0	G	10	0.5	A	4	0.2	0	0.0
ICSX152538-B-1-3-1	10	0	0.0	G	12	0.6	A	4	0.2	0	0.0
ICSX152538-B-1-3-2	10	0	0.0	G	14	0.7	T	3	0.15	1	0.1
ICSX152656-B-1-2-1-1	10	2	20.0	A	5	0.31	C	4	0.25	1	0.12
ICSX1620817-1-1-3-1	10	2	20.0	A	8	0.5	G	4	0.25	0	0.0
ICSX162016-SB-1-1-1	10	0	0.0	C	6	0.3	A	6	0.3	0	0.0
ICSX162016-SB-1-2-1	10	0	0.0	G	6	0.3	A	6	0.3	0	0.0
ICSX162031-SB-2-2-1	10	0	0.0	G	8	0.4	A	6	0.3	0	0.0
ICSX162048-SB-1-1-1	10	0	0.0	G	8	0.4	A	6	0.3	0	0.0
ICSX162048-SB-1-4-1	10	1	10.0	C	6	0.33	A	5	0.28	1	0.11
ICSX162048-SB-1-4-2	10	2	20.0	G	9	0.56	A	4	0.25	2	0.25
ICSX162470-SB-1-1-1	10	0	0.0	G	8	0.4	A	7	0.35	1	0.1
ICSX162470-SB-1-1-2	10	1	10.0	G	8	0.44	A	6	0.33	1	0.11
ICSX162470-SB-1-2-1	10	1	10.0	C	6	0.33	A	5	0.28	1	0.11
ICSX162473-SB-1-1-1	10	0	0.0	G	10	0.5	A	7	0.35	1	0.1
ICSX162611-SB-2-1-1	10	1	10.0	G	8	0.44	A	5	0.28	3	0.33
ICSX162613-SB-1-2-1	10	4	40.0	T	4	0.33	A	4	0.33	0	0.0
ICSX162613-SB-2-1-1	10	0	0.0	A	7	0.35	G	6	0.3	1	0.1
ICSX162613-SB-2-1-2	10	1	10.0	G	12	0.67	A	5	0.28	1	0.11
ICSX162669-SB-1-1-1	10	1	10.0	G	10	0.56	A	4	0.22	0	0.0
ICSX162698-SB-1-2-1	10	0	0.0	A	9	0.45	G	7	0.35	1	0.1
ICSX162714-SB-1-2-1	10	0	0.0	G	10	0.5	A	6	0.3	0	0.0
ICSX162743-SB-1-1-1	10	0	0.0	G	10	0.5	A	6	0.3	0	0.0
ICSX162743-SB-1-1-2	10	0	0.0	G	8	0.4	T	6	0.3	0	0.0
IESV24030SH	10	0	0.0	G	10	0.5	A	6	0.3	0	0.0
IS9830	10	0	0.0	G	12	0.6	T	6	0.3	0	0.0
N13	10	0	0.0	G	10	0.5	C	4	0.2	0	0.0
Wahi	10	0	0.0	C	6	0.3	A	6	0.3	0	0.0
ICSX152555-B-3-1-1-1	10	0	0.0	G	8	0.4	A	8	0.4	0	0.0
ICSX152555-B-3-1-1-3	10	1	10.0	G	8	0.44	C	7	0.39	2	0.22
ICSX152567-B-1-3-1-1	10	0	0.0	G	10	0.5	A	6	0.3	0	0.0
ICSX152655-B-2-1-1-1	10	1	10.0	G	7	0.39	A	5	0.28	1	0.11
ICSX152656-B-1-2-1-2-1	10	0	0.0	G	10	0.5	A	6	0.3	0	0.0
ICSX152657-B-2-3-8-3-1	10	0	0.0	G	12	0.6	A	6	0.3	0	0.0
ICSX152658-B-1-1-1-1-1	10	0	0.0	G	14	0.7	T	4	0.2	0	0.0
ICSX152660-B-2-2-1-1	10	1	10.0	G	6	0.33	A	6	0.33	0	0.0
ICSX152661-B-2-1-2-1-1	10	0	0.0	G	8	0.4	A	6	0.3	0	0.0
ICSX152666-B-1-5-2-1-1	10	0	0.0	G	7	0.35	T	5	0.25	1	0.1
ICSX152668-B-1-1-1-1-1	10	10	100.0	na	0	0.0	na	0	0.0	0	0.0
ICSX152668-B-2-1-3-1-1	10	0	0.0	G	7	0.35	T	6	0.3	1	0.1
ICSX152668-B-2-1-3-1-2	10	0	0.0	G	8	0.4	T	6	0.3	0	0.0
ICSX162415-1-1-2-1	10	1	10.0	G	8	0.44	A	4	0.22	0	0.0
ICSX162415-1-2-1-1	10	0	0.0	A	9	0.45	G	5	0.25	1	0.1
ICSX162415-1-2-2-1	10	0	0.0	A	8	0.4	G	6	0.3	0	0.0
ICSX162415-1-2-2-2	10	0	0.0	A	8	0.4	G	6	0.3	0	0.0
ICSX162463-1-1-1-1	10	9	90.0	G	2	1.0	na	0	0.0	0	0.0
ICSX162581-1-1-1-1	10	0	0.0	A	6	0.3	T	6	0.3	0	0.0
ICSX162630-1-2-1-1	10	0	0.0	C	8	0.4	G	6	0.3	0	0.0
ICSX162636-1-6-1-3	10	0	0.0	C	6	0.3	A	6	0.3	0	0.0
ICSX162665-1-1-1-2	10	0	0.0	G	10	0.5	A	6	0.3	0	0.0
ICSX162698-1-1-1-1	10	0	0.0	T	6	0.3	A	6	0.3	0	0.0
ICSX162809-1-2-2-1	10	0	0.0	G	10	0.5	A	4	0.2	0	0.0
ICSX162809-1-2-2-2	10	0	0.0	G	10	0.5	A	4	0.2	0	0.0
ICSX152001-SB-7-1-1	10	0	0.0	C	6	0.3	T	6	0.3	0	0.0
ICSX152002-SB-10-1-1	10	9	90.0	C	2	1.0	na	0	0.0	0	0.0
ICSX152002-SB-4-1-1-1	10	0	0.0	C	8	0.4	G	6	0.3	0	0.0
ICSX152002-SB-4-1-1-2	10	0	0.0	G	8	0.4	C	6	0.3	0	0.0
ICSX152003-SB-5-1-2	10	0	0.0	G	8	0.4	A	6	0.3	0	0.0
ICSX152003-SB-5-3-1-1	10	0	0.0	A	8	0.4	C	6	0.3	0	0.0
ICSX152003-SB-5-3-1-2	10	0	0.0	C	6	0.3	A	6	0.3	0	0.0
ICSX152004-SB-2-2-1-2	10	0	0.0	G	8	0.4	A	8	0.4	0	0.0
ICSX152004-SB-2-3-1-1	10	0	0.0	G	8	0.4	A	6	0.3	0	0.0
ICSX152004-SB-5-3-1-1	10	10	100.0	na	0	0.0	na	0	0.0	0	0.0
ICSX152005-SB-10-1-1	10	0	0.0	A	12	0.6	C	4	0.2	0	0.0
ICSX152005-SB-1-1-2	10	0	0.0	A	6	0.3	T	6	0.3	0	0.0
ICSX152005-SB-11-3-1	10	0	0.0	A	10	0.5	T	4	0.2	0	0.0
ICSX152005-SB-1-2-1	10	0	0.0	A	6	0.3	T	6	0.3	0	0.0
ICSX152005-SB-16-2-1	10	0	0.0	A	8	0.4	C	6	0.3	0	0.0
ICSX152006-SB-20-1-1-1	10	0	0.0	C	6	0.3	A	6	0.3	0	0.0
ICSX152006-SB-20-1-1-2	10	0	0.0	C	6	0.3	A	6	0.3	0	0.0
ICSX152006-SB-20-1-1-3	10	9	90.0	G	2	1.0	na	0	0.0	0	0.0
ICSX152006-SB-22-1-1-2	10	0	0.0	A	7	0.35	C	6	0.3	1	0.1
ICSX152006-SB-23-1-1	10	0	0.0	A	10	0.5	C	8	0.4	0	0.0
ICSX152006-SB-4-1-1	10	0	0.0	A	8	0.4	C	6	0.3	0	0.0
ICSX152006-SB-4-2-1	10	0	0.0	C	6	0.3	A	6	0.3	0	0.0
ICSX152006-SB-7-1-1	10	0	0.0	A	8	0.4	C	6	0.3	0	0.0
ICSX152007-SB-6-1-1-1	10	0	0.0	G	8	0.4	A	6	0.3	0	0.0
ICSX152009-SB-11-1-2	10	0	0.0	C	8	0.4	A	8	0.4	0	0.0
ICSX152009-SB-11-2-2-1	10	9	90.0	G	2	1.0	na	0	0.0	0	0.0
ICSX152009-SB-16-1-1-1	10	0	0.0	A	12	0.6	C	6	0.3	0	0.0
ICSX152009-SB-16-3-2-1	10	0	0.0	A	12	0.6	C	6	0.3	0	0.0
ICSX152009-SB-17-1-1	10	0	0.0	A	12	0.6	C	6	0.3	0	0.0
ICSX152009-SB-17-2-1	10	0	0.0	A	12	0.6	C	6	0.3	0	0.0
ICSX152009-SB-19-2-1	10	0	0.0	A	10	0.5	C	8	0.4	0	0.0
ICSX152009-SB-20-1-1	10	0	0.0	A	12	0.6	C	4	0.2	0	0.0
ICSX152010-SB-1-1-2	10	0	0.0	C	8	0.4	G	6	0.3	0	0.0
ICSX152010-SB-1-2-1	10	9	90.0	C	2	1.0	na	0	0.0	0	0.0
ICSX152010-SB-12-1-1-1	10	1	10.0	C	8	0.44	A	6	0.33	0	0.0
ICSX152010-SB-1-3-1	10	0	0.0	C	8	0.4	G	6	0.3	0	0.0
ICSX152010-SB-1-3-2	10	0	0.0	C	8	0.4	G	6	0.3	0	0.0
ICSX152010-SB-15-2-1	10	0	0.0	G	8	0.4	A	6	0.3	0	0.0
ICSX152010-SB-15-2-2	10	0	0.0	G	8	0.4	A	6	0.3	0	0.0
ICSX152010-SB-17-1-2	10	0	0.0	G	6	0.3	A	6	0.3	0	0.0
ICSX152010-SB-17-2-1	10	0	0.0	C	6	0.3	A	6	0.3	0	0.0
ICSX152010-SB-17-2-2	10	0	0.0	C	6	0.3	A	6	0.3	0	0.0
ICSX152010-SB-2-3-1	10	0	0.0	C	6	0.3	G	5	0.25	1	0.1
ICSX152010-SB-3-1-1	10	0	0.0	C	6	0.3	A	6	0.3	0	0.0
ICSX152010-SB-3-3-1	10	0	0.0	C	8	0.4	G	4	0.2	0	0.0
ICSX152010-SB-9-1-1	10	0	0.0	A	6	0.3	G	5	0.25	1	0.1
KARIMTAMA1	10	0	0.0	C	6	0.3	A	6	0.3	0	0.0
ICSV172405	10	0	0.0	G	8	0.4	T	6	0.3	0	0.0
ICSV172406	10	0	0.0	G	8	0.4	T	6	0.3	0	0.0
ICSV172422	10	0	0.0	A	8	0.4	T	6	0.3	0	0.0
ICSV172425	10	0	0.0	A	8	0.4	T	6	0.3	0	0.0
ICSX152513-B-3-1-2-1-1	10	0	0.0	G	8	0.4	T	4	0.2	0	0.0
ICSX152513-B-3-1-2-2-1	10	0	0.0	G	8	0.4	C	4	0.2	0	0.0
ICSX152538-B-1-2-3-1-1	10	0	0.0	G	10	0.5	A	6	0.3	0	0.0
ICSX152555-B-2-2-2-1-1	10	1	10.0	G	11	0.61	T	4	0.22	1	0.11
ICSX152555-B-3-1-1-2-1	10	0	0.0	C	6	0.3	A	6	0.3	3	0.3
ICSX152619-B-1-2-1-1-1	10	0	0.0	G	6	0.3	A	6	0.3	0	0.0
ICSX152657-B-2-3-2-1-1-1	10	0	0.0	G	10	0.5	T	4	0.2	0	0.0
ICSX152657-B-2-3-2-1-2-1	10	0	0.0	G	8	0.4	T	6	0.3	0	0.0
ICSX152657-B-2-3-8-3-1-1	10	0	0.0	G	12	0.6	A	6	0.3	0	0.0
ICSX152657-B-2-3-8-3-2-1	10	0	0.0	G	12	0.6	A	6	0.3	0	0.0
ICSX152657-B-2-3-8-4-1-1	10	0	0.0	G	10	0.5	A	6	0.3	0	0.0
ICSX152657-B-2-3-8-4-2-1	10	0	0.0	G	10	0.5	A	6	0.3	0	0.0
ICSX152658-B-1-1-1-2-1-1	10	9	90.0	G	2	1.0	na	0	0.0	0	0.0
ICSX152658-B-1-2-1-1-1-1	10	0	0.0	G	8	0.4	C	6	0.3	0	0.0
ICSX152660-B-3-3-1-1-1	10	0	0.0	G	10	0.5	T	4	0.2	0	0.0
ICSX152666-B-2-7-3-1-1-1	10	0	0.0	A	6	0.3	G	6	0.3	0	0.0
ICSX152666-B-3-2-2-1-1-1	10	0	0.0	G	8	0.4	C	4	0.2	0	0.0
ICSX152666-B-3-2-2-2-1-1	10	0	0.0	G	10	0.5	A	4	0.2	0	0.0
ICSX152668-B-1-1-2-1-1-1	10	0	0.0	G	8	0.4	T	6	0.3	0	0.0
ICSX152668-B-2-1-5-1-1-1	10	0	0.0	G	8	0.4	T	6	0.3	0	0.0
ICSX162415-1-1-1-1-1	10	0	0.0	G	8	0.4	A	6	0.3	0	0.0
ICSX162415-1-1-1-1-2	10	0	0.0	G	8	0.4	A	6	0.3	0	0.0
ICSX162636-1-6-1-1-1	10	0	0.0	G	8	0.4	T	4	0.2	0	0.0
ICSX162636-1-6-1-2-1	10	0	0.0	C	6	0.3	G	6	0.3	0	0.0
ICSX162665-1-1-1-1-1	10	0	0.0	G	10	0.5	A	6	0.3	0	0.0
ICSX162677-1-1-1-1-1	10	0	0.0	G	10	0.5	A	8	0.4	0	0.0
ICSX162677-1-4-1-1	10	0	0.0	G	6	0.3	T	6	0.3	0	0.0
ICSX162698-1-1-1-2-1	10	0	0.0	G	6	0.3	A	6	0.3	0	0.0
ICSX162719-1-4-1-1-1	10	0	0.0	G	12	0.6	T	4	0.2	0	0.0
ICSX162719-1-4-2-1-1	10	0	0.0	G	12	0.6	T	4	0.2	0	0.0
ICSX162809-1-2-2-3-1	10	0	0.0	G	8	0.4	T	6	0.3	0	0.0
ICSX142109-SB-3-3-1-2-1	10	0	0.0	G	10	0.5	A	6	0.3	0	0.0
ICSX142131-SB-3-3-3-1-1	10	1	10.0	G	11	0.61	A	5	0.28	1	0.11
ICSX152002-SB-10-1-1-3-1	10	0	0.0	G	10	0.5	A	6	0.3	0	0.0
ICSX152004-SB-2-1-1-1	10	0	0.0	G	8	0.4	A	6	0.3	0	0.0
ICSX152005-SB-4-1-1-1	10	0	0.0	A	8	0.4	C	6	0.3	0	0.0
ICSX152005-SB-4-1-1-1-1	10	0	0.0	A	8	0.4	C	6	0.3	0	0.0
ICSX152005-SB-5-3-2-1	10	0	0.0	A	8	0.4	T	6	0.3	0	0.0
ICSX152006-SB-22-1-1-1-1	10	0	0.0	C	6	0.3	A	6	0.3	0	0.0
ICSX152006-SB-22-1-1-1-2	10	0	0.0	A	8	0.4	G	6	0.3	0	0.0
ICSX152006-SB-22-1-1-1-3	10	0	0.0	A	8	0.4	G	6	0.3	0	0.0
ICSX152006-SB-22-1-1-2-1	10	0	0.0	C	6	0.3	A	6	0.3	0	0.0
ICSX152006-SB-4-2-1-1	10	0	0.0	C	6	0.3	A	6	0.3	0	0.0
ICSX152009-SB-16-1-1-1-1	10	9	90.0	C	2	1.0	na	0	0.0	0	0.0
ICSX152009-SB-16-3-2-1-1	10	9	90.0	C	2	1.0	na	0	0.0	0	0.0
ICSX152009-SB-20-1-1-1	10	0	0.0	A	12	0.6	C	4	0.2	0	0.0
ICSX152010-SB-1-1-1-1	10	0	0.0	G	8	0.4	C	4	0.2	0	0.0
ICSX152010-SB-1-3-2-1	10	0	0.0	C	8	0.4	G	6	0.3	0	0.0
ICSX152010-SB-17-1-2-1	10	0	0.0	G	8	0.4	T	4	0.2	0	0.0
ICSX152010-SB-17-2-2-1	10	0	0.0	C	6	0.3	A	6	0.3	0	0.0
ICSX162016-SB-1-2-1-1	10	0	0.0	C	6	0.3	A	6	0.3	0	0.0
ICSX162031-SB-2-2-1-1	10	0	0.0	G	6	0.3	A	6	0.3	0	0.0
ICSX162057-SB-1-1-1-1	10	0	0.0	G	10	0.5	T	4	0.2	0	0.0
ICSX162470-SB-1-1-2-1	10	0	0.0	G	8	0.4	T	4	0.2	0	0.0
ICSX162473-SB-1-1-1-1	10	0	0.0	C	6	0.3	T	6	0.3	0	0.0
ICSX162473-SB-1-1-1-2	10	0	0.0	C	6	0.3	T	6	0.3	0	0.0
ICSX162607-SB-1-2-1-1	10	0	0.0	G	10	0.5	A	6	0.3	0	0.0
ICSX162611-SB-2-1-1-1	10	0	0.0	G	10	0.5	A	6	0.3	0	0.0
ICSX162613-SB-1-2-1-1	10	0	0.0	G	10	0.5	T	4	0.2	0	0.0
ICSX162613-SB-1-2-1-2	10	0	0.0	G	10	0.5	T	4	0.2	0	0.0
ICSX162613-SB-2-1-1-1	10	0	0.0	A	6	0.3	T	6	0.3	0	0.0
ICSX162613-SB-2-1-1-2	10	0	0.0	G	6	0.3	A	6	0.3	0	0.0
ICSX162613-SB-2-1-2-1	10	0	0.0	A	6	0.3	T	6	0.3	0	0.0
ICSX162613-SB-2-2-1-1	10	1	10.0	G	6	0.33	A	6	0.33	0	0.0
ICSX162669-SB-1-1-1-1	10	0	0.0	G	12	0.6	A	4	0.2	0	0.0
ICSX162714-SB-1-2-1-1	10	0	0.0	A	6	0.3	G	6	0.3	0	0.0
ICSX162714-SB-1-2-2-1	10	0	0.0	G	10	0.5	A	6	0.3	0	0.0
ICSX162714-SB-2-1-1-1	10	0	0.0	G	10	0.5	A	6	0.3	0	0.0
ICSX162743-SB-1-1-1-1	10	9	90.0	G	2	1.0	na	0	0.0	0	0.0
ICSX162743-SB-1-1-2-1	10	0	0.0	G	10	0.5	A	6	0.3	0	0.0
IESV92022_1SH-B	10	1	10.0	A	8	0.44	T	4	0.22	0	0.0
BF88-2:31-3	10	0	0.0	A	10	0.5	C	4	0.2	0	0.0
Sariaso17	10	0	0.0	G	8	0.4	A	5	0.25	1	0.1
BF99-6_5-1-1	10	0	0.0	A	9	0.45	T	5	0.25	1	0.1
Sariaso10	10	0	0.0	G	8	0.4	C	6	0.3	0	0.0
BF85-4:28-1-2	10	0	0.0	T	6	0.3	A	6	0.3	0	0.0
Sariaso16	10	0	0.0	C	6	0.3	T	6	0.3	0	0.0
BF95-1:10-1-2-1-1-1	10	0	0.0	A	10	0.5	G	6	0.3	0	0.0
CEF390:4-1-1	10	0	0.0	G	8	0.4	C	6	0.3	0	0.0
Sariaso11	10	0	0.0	C	8	0.4	A	6	0.3	0	0.0
CEM326:1-5-1-1	10	0	0.0	A	12	0.6	C	3	0.15	2	0.2
Sariaso14	10	0	0.0	G	10	0.5	A	4	0.2	0	0.0
Sariaso15	10	0	0.0	C	6	0.3	A	6	0.3	0	0.0
F2-20	10	0	0.0	A	12	0.6	G	6	0.3	0	0.0
E36-1	10	0	0.0	G	8	0.4	A	6	0.3	0	0.0
ICSB686	10	0	0.0	C	8	0.4	A	6	0.3	0	0.0
IS29872B	10	0	0.0	G	8	0.4	C	6	0.3	0	0.0
GCP6-3-1	10	1	10.0	G	12	0.67	C	2	0.11	0	0.0
ICSB1630025	10	0	0.0	G	10	0.5	A	5	0.25	1	0.1
GCP9-3-2-2	10	0	0.0	G	12	0.6	C	4	0.2	0	0.0
Nr59	10	1	10.0	G	8	0.44	T	6	0.33	0	0.0
Nr88	10	0	0.0	G	8	0.4	T	6	0.3	0	0.0
CE341	10	0	0.0	G	8	0.4	C	4	0.2	0	0.0
Nr231	10	2	20.0	G	8	0.5	A	6	0.38	0	0.0
SO118	10	0	0.0	G	9	0.45	T	6	0.3	2	0.2
Nr22	10	0	0.0	G	10	0.5	A	6	0.3	0	0.0
Nr338	10	1	10.0	G	8	0.44	A	8	0.44	0	0.0
Nr326	10	0	0.0	G	10	0.5	T	6	0.3	0	0.0
CE350	10	0	0.0	G	9	0.45	T	6	0.3	1	0.1
Nr377	10	1	10.0	G	8	0.44	C	4	0.22	0	0.0
SO4	10	0	0.0	G	9	0.45	T	6	0.3	1	0.1
E258	10	0	0.0	G	10	0.5	C	6	0.3	1	0.1
SO164	10	0	0.0	G	8	0.4	T	5	0.25	1	0.1
E302	10	2	20.0	C	6	0.38	G	5	0.31	3	0.38
E312	10	1	10.0	G	6	0.33	T	6	0.33	0	0.0
CE336	10	1	10.0	G	8	0.44	T	4	0.22	0	0.0
ICSB1630106	10	0	0.0	A	8	0.4	C	6	0.3	0	0.0
ICSB1630107	10	0	0.0	A	8	0.4	C	6	0.3	0	0.0
ICSB1630108	10	0	0.0	A	8	0.4	G	6	0.3	1	0.1
LODOKA	10	0	0.0	G	10	0.5	C	4	0.2	0	0.0
OKABIR	10	0	0.0	G	8	0.4	A	6	0.3	0	0.0
AKURACHOT	10	0	0.0	G	8	0.4	A	6	0.3	0	0.0
ICSB228	10	0	0.0	G	8	0.4	A	6	0.3	0	0.0
ICSB25002	10	0	0.0	A	6	0.3	T	6	0.3	0	0.0
ICSB276	10	0	0.0	C	6	0.3	A	6	0.3	0	0.0
ICSB29001	10	0	0.0	G	12	0.6	C	4	0.2	0	0.0
ICSB29003	10	0	0.0	G	12	0.6	C	4	0.2	0	0.0
ICSB29006	10	0	0.0	C	8	0.4	A	6	0.3	0	0.0
ICSB293	10	0	0.0	C	6	0.3	A	6	0.3	0	0.0
ICSB324	10	0	0.0	G	10	0.5	C	6	0.3	0	0.0
ICSB366	10	0	0.0	A	8	0.4	C	6	0.3	0	0.0
ICSB371	10	10	100.0	na	0	0.0	na	0	0.0	0	0.0
ICSB376	10	0	0.0	G	8	0.4	C	6	0.3	0	0.0
ICSB452	10	0	0.0	G	10	0.5	A	6	0.3	0	0.0
ICSB479	10	0	0.0	G	8	0.4	A	8	0.4	0	0.0
ICSB592	10	0	0.0	G	10	0.5	C	6	0.3	0	0.0
ICSB6	10	0	0.0	G	10	0.5	C	4	0.2	0	0.0
ICSB686-B	10	0	0.0	C	8	0.4	A	6	0.3	0	0.0
ICSB687	10	0	0.0	G	8	0.4	C	6	0.3	0	0.0
ICSB75	10	9	90.0	C	2	1.0	na	0	0.0	0	0.0
ICSB77	10	0	0.0	G	10	0.5	C	6	0.3	0	0.0
ICSB88001	10	0	0.0	G	8	0.4	A	8	0.4	0	0.0
ICSB88006	10	0	0.0	G	10	0.5	C	4	0.2	0	0.0
ICSB89003	10	0	0.0	A	8	0.4	G	6	0.3	0	0.0
ICSB9	10	0	0.0	A	8	0.4	G	6	0.3	0	0.0
ICSB90001	10	0	0.0	A	10	0.5	G	6	0.3	0	0.0
ICSB91002	10	0	0.0	G	10	0.5	A	6	0.3	0	0.0
IESB2	10	0	0.0	G	8	0.4	C	4	0.2	0	0.0
MB6	10	10	100.0	na	0	0.0	na	0	0.0	0	0.0
P9507B	10	0	0.0	A	6	0.3	G	6	0.3	0	0.0
P9527B	10	0	0.0	G	8	0.4	C	6	0.3	0	0.0
P9537B	10	0	0.0	A	8	0.4	G	6	0.3	0	0.0
SDSB1	10	0	0.0	A	12	0.6	G	4	0.2	0	0.0
SDSB29	10	0	0.0	A	12	0.6	C	4	0.2	0	0.0
SDSB4	10	0	0.0	A	12	0.6	G	4	0.2	0	0.0
TXRG11KS67B	10	0	0.0	G	10	0.5	A	6	0.3	0	0.0
WHEATLANDB	10	9	90.0	C	2	1.0	na	0	0.0	0	0.0
ICSV142021	10	0	0.0	C	6	0.3	G	6	0.3	0	0.0
IESV92029DL	10	0	0.0	C	6	0.3	A	6	0.3	0	0.0
IESV92038_3SH	10	0	0.0	C	6	0.3	T	6	0.3	0	0.0
IESV92038-2DL	10	0	0.0	G	8	0.4	C	6	0.3	0	0.0
IESV94077-1DL	10	0	0.0	C	6	0.3	A	6	0.3	0	0.0
IESV99034-2DL	10	0	0.0	G	12	0.6	T	4	0.2	0	0.0
MACIAxWAHI-2-2-1	10	10	100.0	na	0	0.0	na	0	0.0	0	0.0
MACIAxWAHI-2-2-2	10	0	0.0	C	6	0.3	A	6	0.3	0	0.0
IESH29076	10	1	10.0	A	8	0.44	G	5	0.28	3	0.33
IESH29077	10	3	30.0	A	7	0.5	C	5	0.36	2	0.29
ICSX142012-SB-2-1-1-1	10	0	0.0	A	10	0.5	C	6	0.3	0	0.0
ICSX142012-SB-2-1-2-1	10	0	0.0	A	10	0.5	C	6	0.3	0	0.0
ICSX142012-SB-2-1-3-1	10	0	0.0	G	12	0.6	T	5	0.25	1	0.1
ICSX142012-SB-4-1-2-1	10	0	0.0	A	8	0.4	C	6	0.3	0	0.0
ICSX142018-SB-1-1-3-1	10	9	90.0	G	2	1.0	na	0	0.0	0	0.0
ICSX142056-SB-2-1-2-1	10	0	0.0	G	10	0.5	C	4	0.2	0	0.0
ICSX142109-SB-2-1-1-2	10	0	0.0	G	12	0.6	A	6	0.3	0	0.0
ICSX152004-SB-2-3-1	10	0	0.0	G	8	0.4	A	6	0.3	0	0.0
ICSX152005-SB-1-2-1Sel1	10	0	0.0	A	8	0.4	C	6	0.3	0	0.0
ICSX152005-SB-1-2-1Sel2	10	0	0.0	C	8	0.4	A	7	0.35	1	0.1
ICSX152005-SB-15-1-1	10	0	0.0	A	10	0.5	T	4	0.2	0	0.0
ICSX152005-SB-16-3-1	10	0	0.0	A	8	0.4	C	6	0.3	0	0.0
ICSX152005-SB-2-1-1	10	9	90.0	C	2	1.0	na	0	0.0	0	0.0
ICSX152006-SB-12-1-1	10	0	0.0	A	10	0.5	C	6	0.3	0	0.0
ICSX152006-SB-16-2-1	10	0	0.0	A	10	0.5	C	4	0.2	0	0.0
ICSX152006-SB-5-1-1	10	0	0.0	A	10	0.5	C	8	0.4	0	0.0
ICSX152006-SB-5-3-1	10	1	10.0	A	8	0.44	C	6	0.33	0	0.0
ICSX152009-SB-1-1-1	10	0	0.0	A	10	0.5	C	8	0.4	0	0.0
ICSX152009-SB-11-1-1	10	0	0.0	A	8	0.4	C	6	0.3	0	0.0
ICSX152009-SB-11-2-2	10	0	0.0	A	10	0.5	C	6	0.3	0	0.0
ICSX152009-SB-11-3-1	10	0	0.0	C	8	0.4	A	8	0.4	0	0.0
ICSX152009-SB-1-2-1	10	0	0.0	A	10	0.5	C	8	0.4	0	0.0
ICSX152009-SB-1-2-2	10	0	0.0	A	12	0.6	C	6	0.3	0	0.0
ICSX152009-SB-16-2-1	10	0	0.0	A	12	0.6	C	6	0.3	0	0.0
ICSX152009-SB-19-1-1	10	0	0.0	A	10	0.5	C	6	0.3	0	0.0
ICSX152010-SB-12-2-1	10	0	0.0	A	8	0.4	C	6	0.3	0	0.0
ICSX152010-SB-12-3-1	10	0	0.0	C	8	0.4	A	8	0.4	0	0.0
ICSX152010-SB-15-4-1	10	0	0.0	G	8	0.4	C	4	0.2	0	0.0
ICSX152010-SB-17-1-1	10	0	0.0	G	6	0.3	A	6	0.3	0	0.0
ICSX152010-SB-6-1-1	10	0	0.0	G	8	0.4	T	4	0.2	0	0.0
ICSX152010-SB-6-2-1	10	0	0.0	G	6	0.3	A	6	0.3	0	0.0
ICSX152010-SB-8-1-1	10	0	0.0	G	8	0.4	A	6	0.3	0	0.0
ICSX152010-SB-8-1-2	10	0	0.0	G	8	0.4	A	6	0.3	0	0.0
ICSX152010-SB-9-1-1-B	10	0	0.0	G	6	0.3	C	6	0.3	0	0.0
IESV92038-1DL	10	0	0.0	G	8	0.4	C	6	0.3	0	0.0
IESV92174DL	10	0	0.0	C	8	0.4	G	6	0.3	0	0.0
Macia	10	0	0.0	A	10	0.5	C	6	0.3	0	0.0
MACIAxICSB479-1-1-1	10	0	0.0	G	10	0.5	T	4	0.2	0	0.0
MACIAxMOSHILOCAL-1-3-2	10	0	0.0	A	8	0.4	G	6	0.3	0	0.0
MaciaxR8602-12#7-P2	10	0	0.0	A	9	0.45	C	6	0.3	1	0.1
MACIAxWAHI-2-1-2	10	0	0.0	A	10	0.5	C	6	0.3	0	0.0
MACIAxWAHI-5-1-3	10	0	0.0	A	10	0.5	C	6	0.3	0	0.0
MACIAxWAHI-5-2-1	10	0	0.0	A	10	0.5	C	6	0.3	0	0.0
IESV214030DL	10	9	90.0	G	2	1.0	na	0	0.0	0	0.0
IESV214031DL	10	10	100.0	na	0	0.0	na	0	0.0	0	0.0
IESV23004DL	10	10	100.0	na	0	0.0	na	0	0.0	0	0.0
IESV23005DL	10	10	100.0	na	0	0.0	na	0	0.0	0	0.0
IESV23006DL	10	10	100.0	na	0	0.0	na	0	0.0	0	0.0
IESV23007DL	10	0	0.0	G	7	0.35	A	7	0.35	1	0.1
IESV23010DL	10	10	100.0	na	0	0.0	na	0	0.0	0	0.0
IESV23011DL	10	10	100.0	na	0	0.0	na	0	0.0	0	0.0
IESV23018DL	10	10	100.0	na	0	0.0	na	0	0.0	0	0.0
IESV23019DL	10	10	100.0	na	0	0.0	na	0	0.0	0	0.0
IESV24031SH	10	0	0.0	G	9	0.45	A	7	0.35	1	0.1
IESV90042LT	10	0	0.0	G	10	0.5	C	4	0.2	0	0.0
IESV91001SH	10	0	0.0	G	8	0.4	C	6	0.3	0	0.0
IESV91003DL	10	1	10.0	G	5	0.28	C	5	0.28	1	0.11
IESV91004DL	10	0	0.0	C	6	0.3	G	6	0.3	0	0.0
IESV91005DL	10	10	100.0	na	0	0.0	na	0	0.0	0	0.0
IESV91006DL	10	10	100.0	na	0	0.0	na	0	0.0	0	0.0
IESV91006SH	10	10	100.0	na	0	0.0	na	0	0.0	0	0.0
IESV91009_1SH	10	0	0.0	G	8	0.4	C	6	0.3	0	0.0
IESV91011DL	10	0	0.0	G	10	0.5	T	4	0.2	0	0.0
IESV91012DL	10	0	0.0	G	8	0.4	C	6	0.3	0	0.0
IESV91017SH	10	0	0.0	G	8	0.4	T	4	0.2	0	0.0
IESV91018LT	10	0	0.0	G	8	0.4	C	4	0.2	0	0.0
IESV91019DL	10	10	100.0	na	0	0.0	na	0	0.0	0	0.0
IESV91020DL	10	10	100.0	na	0	0.0	na	0	0.0	0	0.0
IESV91021DL	10	10	100.0	na	0	0.0	na	0	0.0	0	0.0
IESV91022DL	10	10	100.0	na	0	0.0	na	0	0.0	0	0.0
IESV91029DL	10	0	0.0	G	10	0.5	C	6	0.3	0	0.0
IESV91030DL	10	0	0.0	G	8	0.4	C	6	0.3	0	0.0
IESV91032DL	10	0	0.0	C	6	0.3	G	6	0.3	0	0.0
IESV91033DL	10	0	0.0	G	6	0.3	T	6	0.3	0	0.0
IESV91035DL	10	10	100.0	na	0	0.0	na	0	0.0	0	0.0
IESV91035SH	10	10	100.0	na	0	0.0	na	0	0.0	0	0.0
IESV91036DL	10	10	100.0	na	0	0.0	na	0	0.0	0	0.0
IESV91036SH	10	0	0.0	C	6	0.3	G	6	0.3	0	0.0
IESV91037DL	10	0	0.0	G	8	0.4	C	6	0.3	0	0.0
IESV91038DL	10	1	10.0	G	6	0.33	A	6	0.33	0	0.0
IESV91038SH	10	1	10.0	C	6	0.33	G	6	0.33	0	0.0
IESV91039DL	10	0	0.0	G	7	0.35	C	6	0.3	1	0.1
IESV91041DL	10	10	100.0	na	0	0.0	na	0	0.0	0	0.0
IESV91042DL	10	10	100.0	na	0	0.0	na	0	0.0	0	0.0
IESV91043DL	10	0	0.0	C	6	0.3	G	6	0.3	0	0.0
IESV91044DL	10	0	0.0	A	6	0.3	G	6	0.3	0	0.0
IESV91045DL	10	0	0.0	C	6	0.3	A	6	0.3	0	0.0
IESV91048DL	10	0	0.0	C	6	0.3	G	6	0.3	0	0.0
IESV91049DL	10	0	0.0	C	6	0.3	A	6	0.3	0	0.0
IESV91050DL	10	0	0.0	C	6	0.3	A	6	0.3	0	0.0
IESV91054DL	10	10	100.0	na	0	0.0	na	0	0.0	0	0.0
IESV91054LT	10	10	100.0	na	0	0.0	na	0	0.0	0	0.0
IESV91056DL	10	0	0.0	G	10	0.5	C	6	0.3	0	0.0
IESV91060DL	10	1	10.0	C	6	0.33	G	6	0.33	0	0.0
IESV91063DL	10	0	0.0	G	10	0.5	T	4	0.2	0	0.0
IESV91065DL	10	0	0.0	A	7	0.35	G	6	0.3	1	0.1
IESV91069DL	10	0	0.0	G	10	0.5	C	6	0.3	0	0.0
IESV91070DL	10	10	100.0	na	0	0.0	na	0	0.0	0	0.0
IESV91071DL	10	10	100.0	na	0	0.0	na	0	0.0	0	0.0
IESV91071LT	10	1	10.0	G	10	0.56	C	4	0.22	0	0.0
IESV91072DL	10	1	10.0	C	6	0.33	G	6	0.33	0	0.0
IESV91073DL	10	0	0.0	G	12	0.6	T	4	0.2	0	0.0
IESV91073LT	10	0	0.0	G	12	0.6	T	4	0.2	0	0.0
IESV91075LT	10	0	0.0	G	12	0.6	C	4	0.2	0	0.0
IESV91076DL	10	1	10.0	G	8	0.44	C	6	0.33	0	0.0
IESV91078DL	10	0	0.0	G	10	0.5	C	6	0.3	0	0.0
IESV91079DL	10	10	100.0	na	0	0.0	na	0	0.0	0	0.0
IESV91082DL	10	0	0.0	C	6	0.3	G	6	0.3	0	0.0
IESV91083DL	10	10	100.0	na	0	0.0	na	0	0.0	0	0.0
IESV91084DL	10	0	0.0	G	6	0.3	A	6	0.3	0	0.0
IESV91085DL	10	0	0.0	C	6	0.3	G	6	0.3	0	0.0
IESV91086DL	10	0	0.0	A	8	0.4	C	4	0.2	0	0.0
IESV91090DL	10	0	0.0	G	10	0.5	T	4	0.2	0	0.0
IESV91091DL	10	0	0.0	G	8	0.4	T	4	0.2	0	0.0
IESV91096DL	10	1	10.0	G	8	0.44	T	4	0.22	0	0.0
IESV91098DL	10	10	100.0	na	0	0.0	na	0	0.0	0	0.0
IESV91099DL	10	0	0.0	G	10	0.5	T	4	0.2	0	0.0
IESV91101DL	10	0	0.0	G	10	0.5	T	4	0.2	0	0.0
IESV91104DL	10	0	0.0	G	8	0.4	A	4	0.2	0	0.0
IESV91105DL	10	0	0.0	A	8	0.4	C	6	0.3	0	0.0
IESV91108DL	10	1	10.0	C	6	0.33	A	6	0.33	0	0.0
IESV91108LT	10	0	0.0	C	6	0.3	A	6	0.3	0	0.0
IESV91110DL	10	10	100.0	na	0	0.0	na	0	0.0	0	0.0
IESV91111DL	10	10	100.0	na	0	0.0	na	0	0.0	0	0.0
IESV91112DL	10	0	0.0	A	6	0.3	G	6	0.3	0	0.0
IESV91112SH	10	0	0.0	G	10	0.5	C	6	0.3	0	0.0
IESV91113DL	10	0	0.0	A	8	0.4	C	6	0.3	0	0.0
IESV91115_3SH	10	0	0.0	G	8	0.4	T	4	0.2	0	0.0
IESV91119DL	10	0	0.0	A	10	0.5	C	4	0.2	0	0.0
IESV91120DL	10	0	0.0	C	6	0.3	A	6	0.3	0	0.0
IESV91121DL	10	4	40.0	A	6	0.5	C	4	0.33	0	0.0
IESV91123DL	10	10	100.0	na	0	0.0	na	0	0.0	0	0.0
IESV91124SH	10	0	0.0	G	10	0.5	T	4	0.2	0	0.0
IESV91125DL	10	0	0.0	A	8	0.4	C	4	0.2	0	0.0
IESV91126DL	10	10	100.0	na	0	0.0	na	0	0.0	0	0.0
IESV91127DL	10	7	70.0	C	4	0.67	G	2	0.33	0	0.0
IESV91128DL	10	9	90.0	C	2	1.0	na	0	0.0	0	0.0
IESV91129DL	10	10	100.0	na	0	0.0	na	0	0.0	0	0.0
IESV91130DL	10	10	100.0	na	0	0.0	na	0	0.0	0	0.0
IESV91131DL	10	10	100.0	na	0	0.0	na	0	0.0	0	0.0
IESV91137DL	10	10	100.0	na	0	0.0	na	0	0.0	0	0.0
IESV91138DL	10	10	100.0	na	0	0.0	na	0	0.0	0	0.0
IESV91139DL	10	9	90.0	G	2	1.0	na	0	0.0	0	0.0
IESV91141DL	10	9	90.0	G	2	1.0	na	0	0.0	0	0.0
IESV91142DL	10	9	90.0	C	2	1.0	na	0	0.0	0	0.0
IESV92001DL	10	10	100.0	na	0	0.0	na	0	0.0	0	0.0
IESV92002DL	10	10	100.0	na	0	0.0	na	0	0.0	0	0.0
IESV92003DL	10	9	90.0	G	2	1.0	na	0	0.0	0	0.0
IESV92004DL	10	0	0.0	A	6	0.3	G	5	0.25	1	0.1
IESV92005DL	10	0	0.0	C	6	0.3	A	5	0.25	1	0.1
IESV92007DL	10	4	40.0	G	10	0.83	C	2	0.17	0	0.0
IESV92006DL	10	10	100.0	na	0	0.0	na	0	0.0	0	0.0
IESV92008DL	10	10	100.0	na	0	0.0	na	0	0.0	0	0.0
IESV92009DL	10	10	100.0	na	0	0.0	na	0	0.0	0	0.0
IESV92009SH	10	9	90.0	C	2	1.0	na	0	0.0	0	0.0
IESV92010_2SH	10	9	90.0	C	2	1.0	na	0	0.0	0	0.0
IESV92011DL	10	9	90.0	C	2	1.0	na	0	0.0	0	0.0
IESV92012DL	10	9	90.0	C	2	1.0	na	0	0.0	0	0.0
IESV92014DL	10	9	90.0	C	2	1.0	na	0	0.0	0	0.0
IESV92016DL	10	9	90.0	G	2	1.0	na	0	0.0	0	0.0
IESV92018DL	10	4	40.0	C	4	0.33	A	4	0.33	0	0.0
IESV92020DL	10	10	100.0	na	0	0.0	na	0	0.0	0	0.0
IESV92021DL	10	1	10.0	G	8	0.44	T	4	0.22	0	0.0
IESV92024DL	10	10	100.0	na	0	0.0	na	0	0.0	0	0.0
IESV92025DL	10	2	20.0	C	6	0.38	A	6	0.38	0	0.0
IESV92028DL	10	9	90.0	C	2	1.0	na	0	0.0	0	0.0
IESV92030SH	10	0	0.0	G	7	0.35	T	6	0.3	1	0.1
IESV92031DL	10	9	90.0	C	2	1.0	na	0	0.0	0	0.0
IESV92031SH	10	10	100.0	na	0	0.0	na	0	0.0	0	0.0
IESV92032DL	10	9	90.0	C	2	1.0	na	0	0.0	0	0.0
IESV92033SH	10	0	0.0	C	6	0.3	T	6	0.3	0	0.0
IESV92036SH	10	0	0.0	C	6	0.3	T	6	0.3	0	0.0
IESV92037DL	10	2	20.0	G	5	0.31	A	5	0.31	6	0.75
IESV92037SH	10	0	0.0	C	6	0.3	A	6	0.3	0	0.0
IESV92038DL	10	4	40.0	A	6	0.5	C	3	0.25	1	0.17
IESV92038_2SH	10	0	0.0	A	8	0.4	T	6	0.3	0	0.0
IESV92040_3SH	10	7	70.0	C	2	0.33	A	2	0.33	0	0.0
IESV92041_1SH	10	9	90.0	C	2	1.0	na	0	0.0	0	0.0
IESV92042DL	10	9	90.0	C	2	1.0	na	0	0.0	0	0.0
IESV92042SH	10	0	0.0	G	6	0.3	A	6	0.3	0	0.0
IESV92047DL	10	9	90.0	C	2	1.0	na	0	0.0	0	0.0
IESV92048DL	10	9	90.0	G	2	1.0	na	0	0.0	0	0.0
IESV92050DL	10	1	10.0	G	6	0.33	T	6	0.33	0	0.0
IESV92051DL	10	0	0.0	G	8	0.4	T	6	0.3	0	0.0
IESV92052DL	10	9	90.0	C	2	1.0	na	0	0.0	0	0.0
IESV92053DL	10	10	100.0	na	0	0.0	na	0	0.0	0	0.0
IESV92055_3SH	10	1	10.0	G	8	0.44	C	4	0.22	0	0.0
IESV92057DL	10	8	80.0	G	2	0.5	A	2	0.5	0	0.0
IESV92059DL	10	0	0.0	A	8	0.4	G	6	0.3	0	0.0
IESV92061DL	10	0	0.0	A	8	0.4	G	6	0.3	0	0.0
IESV92064DL	10	2	20.0	C	6	0.38	G	6	0.38	0	0.0
IESV92066DL	10	0	0.0	C	8	0.4	G	8	0.4	0	0.0
IESV92067DL	10	2	20.0	C	6	0.38	G	6	0.38	0	0.0
IESV92072DL	10	9	90.0	G	2	1.0	na	0	0.0	0	0.0
IESV92073DL	10	9	90.0	C	2	1.0	na	0	0.0	0	0.0
IESV92074DL	10	0	0.0	C	8	0.4	G	8	0.4	0	0.0
IESV92074_1SH	10	9	90.0	G	2	1.0	na	0	0.0	0	0.0
IESV92075DL	10	9	90.0	C	2	1.0	na	0	0.0	0	0.0
IESV92075_3SH	10	3	30.0	C	6	0.43	G	6	0.43	0	0.0
IESV92076DL	10	0	0.0	A	7	0.35	T	6	0.3	1	0.1
IESV92081DL	10	2	20.0	C	8	0.5	G	4	0.25	0	0.0
IESV92085DL	10	10	100.0	na	0	0.0	na	0	0.0	0	0.0
IESV92090DL	10	10	100.0	na	0	0.0	na	0	0.0	0	0.0
IESV92088DL	10	5	50.0	G	4	0.4	A	4	0.4	0	0.0
IESV92091DL	10	1	10.0	C	8	0.44	G	6	0.33	0	0.0
IESV92092DL	10	0	0.0	C	8	0.4	A	5	0.25	1	0.1
IESV92098DL	10	0	0.0	C	8	0.4	A	6	0.3	0	0.0
IESV92109DL	10	0	0.0	A	8	0.4	G	6	0.3	0	0.0
IESV92136DL	10	9	90.0	G	2	1.0	na	0	0.0	0	0.0
IESV92144DL	10	9	90.0	C	2	1.0	na	0	0.0	0	0.0
IESV92147DL	10	0	0.0	G	10	0.5	T	6	0.3	0	0.0
IESV92151DL	10	7	70.0	C	4	0.67	A	2	0.33	0	0.0
IESV92152DL	10	1	10.0	C	8	0.44	G	6	0.33	0	0.0
IESV92155DL	10	0	0.0	C	8	0.4	G	8	0.4	0	0.0
IESV92156DL	10	0	0.0	G	8	0.4	C	4	0.2	0	0.0
IESV92160DL	10	0	0.0	C	6	0.3	G	6	0.3	0	0.0
IESV92162DL	10	3	30.0	C	6	0.43	G	4	0.29	0	0.0
IESV92163DL	10	10	100.0	na	0	0.0	na	0	0.0	0	0.0
IESV92164DL	10	1	10.0	A	6	0.33	C	4	0.22	0	0.0
IESV92165DL	10	0	0.0	G	8	0.4	C	6	0.3	0	0.0
IESV92170DL	10	1	10.0	A	8	0.44	C	6	0.33	0	0.0
IESV92171DL	10	0	0.0	G	6	0.3	T	6	0.3	0	0.0
IESV92172DL	10	0	0.0	C	8	0.4	G	8	0.4	0	0.0
IESV92180DL	10	0	0.0	C	8	0.4	G	8	0.4	0	0.0
IESV92181DL	10	10	100.0	na	0	0.0	na	0	0.0	0	0.0
IESV92188DL	10	4	40.0	G	6	0.5	C	4	0.33	0	0.0
IESV92193DL	10	1	10.0	G	10	0.56	C	4	0.22	0	0.0
IESV92201DL	10	0	0.0	A	8	0.4	G	6	0.3	0	0.0
IESV92203DL	10	0	0.0	A	8	0.4	C	4	0.2	0	0.0
IESV92205DL	10	1	10.0	A	8	0.44	C	4	0.22	0	0.0
IESV91051DL	10	2	20.0	C	6	0.38	G	6	0.38	0	0.0
IESV95015SH	10	0	0.0	C	6	0.3	G	6	0.3	0	0.0
IESV95015_1_1SH	10	0	0.0	C	6	0.3	A	6	0.3	0	0.0
IESV95015_2_1SH	10	0	0.0	G	8	0.4	A	6	0.3	0	0.0
IESV96008SH	10	0	0.0	G	8	0.4	A	6	0.3	0	0.0
IESV96012_1SH	10	0	0.0	A	8	0.4	C	6	0.3	0	0.0
IESV96013_1SH	10	0	0.0	G	8	0.4	A	8	0.4	0	0.0
IESV96013_2_1SH	10	0	0.0	G	10	0.5	A	6	0.3	0	0.0
IESV96013_2_2SH	10	0	0.0	G	6	0.3	T	6	0.3	0	0.0
IESV96014SH	10	0	0.0	T	6	0.3	A	6	0.3	0	0.0
IESV96022SH	10	1	10.0	T	6	0.33	A	5	0.28	1	0.11
IESV96028SH	10	0	0.0	C	6	0.3	G	6	0.3	0	0.0
IESV96044_2SH	10	0	0.0	A	8	0.4	C	6	0.3	0	0.0
IESV96051SH	10	0	0.0	C	8	0.4	G	4	0.2	0	0.0
IESV99003DL	10	1	10.0	A	6	0.33	G	6	0.33	0	0.0
IESV99005DL	10	0	0.0	G	6	0.3	A	5	0.25	4	0.4
IESV99007DL	10	0	0.0	A	6	0.3	G	6	0.3	0	0.0
IESV99008DL	10	0	0.0	G	10	0.5	T	4	0.2	0	0.0
IESV99010DL	10	0	0.0	G	8	0.4	A	6	0.3	0	0.0
IESV99011DL	10	1	10.0	G	8	0.44	A	6	0.33	0	0.0
IESV99012DL	10	0	0.0	G	8	0.4	A	6	0.3	0	0.0
IESV99013DL	10	0	0.0	A	8	0.4	C	6	0.3	0	0.0
IESV99014DL	10	0	0.0	A	8	0.4	C	6	0.3	0	0.0
IESV99015DL	10	0	0.0	A	8	0.4	C	6	0.3	0	0.0
IESV99016DL	10	0	0.0	G	12	0.6	C	6	0.3	0	0.0
IESV99017DL	10	1	10.0	C	6	0.33	A	6	0.33	0	0.0
IESV99018DL	10	0	0.0	C	6	0.3	G	6	0.3	0	0.0
IESV99019DL	10	0	0.0	A	8	0.4	C	6	0.3	0	0.0
IESV99021DL	10	0	0.0	A	8	0.4	C	6	0.3	0	0.0
IESV99022DL	10	0	0.0	G	8	0.4	T	6	0.3	0	0.0
IESV99024DL	10	0	0.0	T	6	0.3	A	5	0.25	1	0.1
IESV99035DL	10	0	0.0	G	10	0.5	T	4	0.2	0	0.0
IESV99039DL	10	0	0.0	C	6	0.3	T	6	0.3	0	0.0
IESV99043DL	10	0	0.0	C	8	0.4	G	6	0.3	0	0.0
IESV99044DL	10	0	0.0	G	10	0.5	T	4	0.2	0	0.0
IESV99045DL	10	0	0.0	G	10	0.5	T	4	0.2	0	0.0
IESV99046DL	10	0	0.0	A	8	0.4	C	6	0.3	0	0.0
IESV99048DL	10	0	0.0	C	6	0.3	G	6	0.3	0	0.0
IESV99049DL	10	3	30.0	G	5	0.36	A	5	0.36	1	0.14
IESV99050DL	10	1	10.0	C	6	0.33	A	6	0.33	0	0.0
IESV99051DL	10	0	0.0	C	6	0.3	A	6	0.3	0	0.0
IESV99052DL	10	0	0.0	C	6	0.3	G	6	0.3	0	0.0
IESV99053DL	10	0	0.0	A	8	0.4	C	6	0.3	0	0.0
IESV99056DL	10	0	0.0	A	8	0.4	C	6	0.3	0	0.0
IESV99057DL	10	0	0.0	A	8	0.4	C	6	0.3	0	0.0
IESV99059DL	10	0	0.0	G	12	0.6	C	6	0.3	0	0.0
IESV99060DL	10	1	10.0	G	8	0.44	A	6	0.33	0	0.0
IESV99061DL	10	0	0.0	G	10	0.5	A	6	0.3	0	0.0
IESV99065DL	10	0	0.0	G	10	0.5	A	6	0.3	0	0.0
IESV99066DL	10	0	0.0	G	10	0.5	A	6	0.3	0	0.0
IESV99069DL	10	0	0.0	G	7	0.35	A	5	0.25	1	0.1
IESV99072DL	10	1	10.0	G	12	0.67	C	6	0.33	0	0.0
IESV99073DL	10	0	0.0	G	12	0.6	C	6	0.3	0	0.0
IESV99075DL	10	0	0.0	G	12	0.6	C	6	0.3	0	0.0
IESV99074DL	10	0	0.0	G	12	0.6	C	6	0.3	0	0.0
IESV99077DL	10	0	0.0	G	12	0.6	C	6	0.3	0	0.0
IESV99078DL	10	0	0.0	G	12	0.6	C	6	0.3	0	0.0
IESV99079DL	10	0	0.0	G	12	0.6	C	6	0.3	0	0.0
IESV99080DL	10	0	0.0	G	12	0.6	C	6	0.3	0	0.0
IESV99081DL	10	0	0.0	G	12	0.6	C	6	0.3	0	0.0
IESV99082DL	10	0	0.0	G	12	0.6	C	6	0.3	0	0.0
IESV99087DL	10	0	0.0	G	8	0.4	C	6	0.3	0	0.0
IESV99088DL	10	0	0.0	G	8	0.4	C	6	0.3	0	0.0
IESV99090DL	10	0	0.0	G	8	0.4	C	6	0.3	0	0.0
IESV99091DL	10	0	0.0	G	12	0.6	C	6	0.3	0	0.0
IESV99092DL	10	0	0.0	G	12	0.6	C	6	0.3	0	0.0
IESV99096DL	10	0	0.0	G	12	0.6	C	6	0.3	0	0.0
IESV99101LT	10	0	0.0	G	12	0.6	C	4	0.2	0	0.0
IESV99102LT	10	0	0.0	G	12	0.6	T	4	0.2	0	0.0
IESV99103LT	10	0	0.0	G	12	0.6	C	6	0.3	0	0.0
IESV99105LT	10	0	0.0	G	12	0.6	C	6	0.3	0	0.0
IESV99107LT	10	0	0.0	G	12	0.6	C	6	0.3	0	0.0
IESV99109LT	10	0	0.0	G	12	0.6	C	6	0.3	0	0.0
IESV99111LT	10	0	0.0	G	12	0.6	C	4	0.2	0	0.0
IKINYARUKA	10	1	10.0	G	12	0.67	T	4	0.22	0	0.0
IS11167	10	0	0.0	C	6	0.3	G	6	0.3	0	0.0
IS12695	10	4	40.0	G	4	0.33	T	4	0.33	0	0.0
IS17589	10	0	0.0	G	10	0.5	A	6	0.3	0	0.0
IS19476	10	0	0.0	G	10	0.5	A	6	0.3	0	0.0
IS19512	10	1	10.0	G	10	0.56	T	6	0.33	0	0.0
IS21000	10	0	0.0	G	6	0.3	T	6	0.3	0	0.0
IS21055	10	0	0.0	G	6	0.3	T	6	0.3	0	0.0
IS21185	10	0	0.0	C	8	0.4	A	6	0.3	0	0.0
IS21887	10	0	0.0	G	6	0.3	A	6	0.3	0	0.0
IS2262	10	0	0.0	G	12	0.6	C	4	0.2	0	0.0
IS23765	10	0	0.0	G	12	0.6	C	6	0.3	0	0.0
IS23789	10	0	0.0	G	12	0.6	C	6	0.3	0	0.0
IS23985	10	0	0.0	G	10	0.5	C	4	0.2	0	0.0
IS24484	10	1	10.0	G	6	0.33	A	6	0.33	0	0.0
IS26794	10	0	0.0	G	10	0.5	A	6	0.3	0	0.0
IS28203	10	0	0.0	G	12	0.6	C	4	0.2	0	0.0
IS2853	10	0	0.0	G	8	0.4	C	6	0.3	0	0.0
IS29111	10	0	0.0	G	10	0.5	C	4	0.2	0	0.0
IS3461	10	0	0.0	G	10	0.5	A	6	0.3	0	0.0
IS35	10	1	10.0	G	12	0.67	C	4	0.22	0	0.0
IS 8613	10	0	0.0	G	10	0.5	A	6	0.3	0	0.0
IS 8884	10	4	40.0	C	4	0.33	G	4	0.33	0	0.0
IS 8887	10	0	0.0	C	6	0.3	G	6	0.3	0	0.0
IS 8891	10	0	0.0	C	6	0.3	G	6	0.3	0	0.0
KAGURU	10	0	0.0	G	12	0.6	C	4	0.2	0	0.0
KAT 487	10	0	0.0	C	6	0.3	A	6	0.3	0	0.0
Kiboko local 1	10	0	0.0	G	10	0.5	T	4	0.2	0	0.0
Kiboko local 2	10	0	0.0	C	6	0.3	G	6	0.3	0	0.0
LARSVYT 19	10	0	0.0	A	10	0.5	C	6	0.3	0	0.0
M 36121	10	0	0.0	A	8	0.4	T	6	0.3	0	0.0
Mahube	10	0	0.0	G	12	0.6	C	6	0.3	0	0.0
Makueni Local	10	0	0.0	A	6	0.3	T	6	0.3	0	0.0
Mbeere 81-3	10	0	0.0	G	12	0.6	T	4	0.2	0	0.0
MR 17	10	0	0.0	A	6	0.3	T	6	0.3	0	0.0
Mugana	10	3	30.0	G	8	0.57	C	4	0.29	0	0.0
Mugeta	10	0	0.0	G	10	0.5	T	4	0.2	0	0.0
Muthiriku	10	0	0.0	G	10	0.5	C	6	0.3	0	0.0
Nguugu	10	0	0.0	G	10	0.5	C	4	0.2	0	0.0
NTJ2	10	0	0.0	A	12	0.6	C	4	0.2	0	0.0
PATO	10	0	0.0	G	10	0.5	T	4	0.2	0	0.0
PIRIRA-1	10	0	0.0	G	8	0.4	A	6	0.3	0	0.0
PIRIRA-2	10	0	0.0	A	8	0.4	G	6	0.3	0	0.0
PLOT # 142 SUDAN	10	0	0.0	C	6	0.3	A	6	0.3	0	0.0
Pop Sorghum	10	0	0.0	G	8	0.4	C	6	0.3	0	0.0
R- 8602	10	0	0.0	G	8	0.4	C	4	0.2	0	0.0
S 35	10	0	0.0	A	8	0.4	T	6	0.3	0	0.0
SDSL 90162	10	0	0.0	G	10	0.5	A	6	0.3	0	0.0
SDSL 96018	10	0	0.0	G	12	0.6	T	4	0.2	0	0.0
SDSL 96028	10	0	0.0	G	8	0.4	A	6	0.3	0	0.0
SDSL 96031	10	0	0.0	G	8	0.4	A	6	0.3	0	0.0
SDSL 96036	10	0	0.0	G	12	0.6	C	4	0.2	0	0.0
SDSL 96040	10	9	90.0	C	2	1.0	na	0	0.0	0	0.0
SDSL 96048	10	0	0.0	G	12	0.6	C	4	0.2	0	0.0
SDSL 96063	10	0	0.0	A	6	0.3	T	6	0.3	0	0.0
SDSL 97010	10	0	0.0	A	10	0.5	C	4	0.2	0	0.0
SDSL 98004	10	0	0.0	C	8	0.4	G	6	0.3	0	0.0
SDSL 98007-1	10	2	20.0	C	6	0.38	G	4	0.25	0	0.0
SDSL 98009	10	1	10.0	G	9	0.5	C	4	0.22	1	0.11
SDSL 98009-1	10	0	0.0	G	10	0.5	C	4	0.2	0	0.0
SDSL 98010	10	9	90.0	G	2	1.0	na	0	0.0	0	0.0
SDSL 98010-1	10	0	0.0	G	8	0.4	C	6	0.3	0	0.0
SDSL 98011-3	10	0	0.0	G	8	0.4	C	6	0.3	0	0.0
SDSL 98013-1	10	0	0.0	G	8	0.4	C	6	0.3	0	0.0
SDSL 98014	10	1	10.0	C	8	0.44	A	6	0.33	0	0.0
SDSL 98014-2	10	2	20.0	C	6	0.38	A	6	0.38	0	0.0
SDSL 98015	10	0	0.0	G	6	0.3	C	6	0.3	0	0.0
SDSL 98016	10	0	0.0	G	6	0.3	C	6	0.3	0	0.0
SDSL 98020	10	0	0.0	G	6	0.3	C	6	0.3	0	0.0
SDSL 98021	10	0	0.0	A	8	0.4	C	6	0.3	0	0.0
SDSL 98025	10	0	0.0	A	8	0.4	C	6	0.3	0	0.0
SDSL 98027	10	0	0.0	A	8	0.4	C	6	0.3	0	0.0
SDSR 91007	10	0	0.0	C	8	0.4	G	6	0.3	0	0.0
SDSR 91013	10	0	0.0	A	8	0.4	C	6	0.3	0	0.0
SDSR 91020	10	0	0.0	G	8	0.4	A	8	0.4	0	0.0
SDSR 91050	10	0	0.0	A	12	0.6	C	4	0.2	0	0.0
Seso 3	10	0	0.0	G	8	0.4	T	6	0.3	0	0.0
Siaya # 6-1	10	0	0.0	G	12	0.6	A	4	0.2	0	0.0
SILA	10	0	0.0	C	6	0.3	G	6	0.3	0	0.0
SIMA	10	0	0.0	G	8	0.4	A	4	0.2	0	0.0
Singida local	10	0	0.0	G	8	0.4	T	6	0.3	0	0.0
SPV 422	10	0	0.0	C	6	0.3	A	6	0.3	0	0.0
SV 3	10	0	0.0	C	6	0.3	G	6	0.3	0	0.0
SV 4	10	0	0.0	G	6	0.3	A	6	0.3	0	0.0
TABAT	10	0	0.0	G	10	0.5	A	4	0.2	0	0.0
TEGEMEO	10	0	0.0	C	6	0.3	A	6	0.3	0	0.0
WMPYT 89_90 #1615	10	0	0.0	G	10	0.5	C	4	0.2	0	0.0
ZSV 3	10	0	0.0	G	10	0.5	A	6	0.3	0	0.0
ZZ # 229	10	0	0.0	G	6	0.3	A	6	0.3	0	0.0
ICSR 108	10	1	10.0	C	7	0.39	A	7	0.39	2	0.22
ICSR 153	10	0	0.0	A	9	0.45	C	6	0.3	1	0.1
ICSR 162	10	0	0.0	C	8	0.4	G	6	0.3	0	0.0
ICSR 172	10	0	0.0	G	8	0.4	A	6	0.3	0	0.0
ICSR 24001	10	0	0.0	C	8	0.4	G	8	0.4	0	0.0
ICSR 24008	10	0	0.0	C	6	0.3	T	6	0.3	0	0.0
ICSR 24010	10	0	0.0	A	8	0.4	C	6	0.3	0	0.0
ICSR 37	10	0	0.0	A	10	0.5	C	4	0.2	0	0.0
ICSR 56	10	0	0.0	A	8	0.4	C	6	0.3	0	0.0
ICSR 89001	10	0	0.0	C	8	0.4	A	6	0.3	0	0.0
ICSR 89058	10	0	0.0	G	8	0.4	A	6	0.3	0	0.0
ICSR 89059	10	0	0.0	G	9	0.45	A	8	0.4	1	0.1
ICSR 92003	10	0	0.0	C	6	0.3	T	6	0.3	0	0.0
ICSR 93001	10	0	0.0	C	6	0.3	T	6	0.3	0	0.0
ICSR 93034	10	0	0.0	C	6	0.3	A	6	0.3	0	0.0
ICSV  95022	10	0	0.0	A	10	0.5	C	4	0.2	0	0.0
ICSV 189	10	0	0.0	C	6	0.3	T	6	0.3	1	0.1
ZZ#126	10	0	0.0	A	6	0.3	G	6	0.3	0	0.0
IESV 92165 DL	10	1	10.0	A	8	0.44	C	6	0.33	0	0.0
Maijankai	10	0	0.0	G	10	0.5	A	6	0.3	0	0.0
IESV 92008 DL	10	0	0.0	C	6	0.3	A	6	0.3	0	0.0
ICSV 93046-ML	10	0	0.0	G	12	0.6	C	4	0.2	1	0.1
IESV 91104 DL	10	1	10.0	G	8	0.44	T	4	0.22	2	0.22
ICSV 94046-NB	10	0	0.0	G	10	0.5	C	4	0.2	0	0.0
IS 2331	10	0	0.0	A	10	0.5	C	4	0.2	0	0.0
F5.3 SSM10-13_6-1	10	0	0.0	A	10	0.5	C	4	0.2	0	0.0
