sample_name	total_marker	missing_count	missing_percentage	major_allele	major_allele_count	major_allale_freq	minor_allele	minor_allele_count	minor_allale_freq	het_count	het_propotion
ICMB 07444	30	0	0.0	A	24	0.4	T	13	0.22	1	0.03
ICMB 08999	30	0	0.0	A	20	0.33	T	16	0.27	0	0.0
ICMB 09555	30	0	0.0	T	10	0.17	G	10	0.17	6	0.2
ICMB 100103	30	0	0.0	A	22	0.37	T	16	0.27	0	0.0
ICMB 100132	30	0	0.0	G	18	0.3	A	18	0.3	0	0.0
ICMB 100133	30	0	0.0	A	24	0.4	G	16	0.27	0	0.0
ICMB 100157	30	0	0.0	G	20	0.33	C	14	0.23	0	0.0
ICMB 100613	30	0	0.0	T	16	0.27	A	16	0.27	3	0.1
ICMB 101410	30	0	0.0	A	24	0.4	C	16	0.27	0	0.0
ICMB 101426	30	0	0.0	G	16	0.27	A	16	0.27	0	0.0
ICMB 101551	30	0	0.0	A	18	0.3	G	16	0.27	0	0.0
ICMB 101644	30	0	0.0	A	18	0.3	G	16	0.27	0	0.0
ICMB 101806	30	0	0.0	A	18	0.3	C	16	0.27	2	0.07
ICMB 101815	30	0	0.0	G	18	0.3	A	18	0.3	0	0.0
ICMB 101853	30	0	0.0	T	22	0.37	A	14	0.23	3	0.1
ICMB 101922	30	0	0.0	G	20	0.33	C	17	0.28	3	0.1
ICMB 101932	30	0	0.0	G	21	0.35	T	15	0.25	1	0.03
ICMB 101965	30	0	0.0	A	22	0.37	G	14	0.23	1	0.03
ICMB 101967	30	0	0.0	A	25	0.42	T	14	0.23	1	0.03
ICMB 101968	30	0	0.0	A	12	0.2	G	10	0.17	0	0.0
ICMB 101969	30	0	0.0	G	20	0.33	C	16	0.27	0	0.0
ICMB 101970	30	0	0.0	G	21	0.35	C	16	0.27	1	0.03
ICMB 101971	30	0	0.0	G	19	0.32	T	17	0.28	1	0.03
ICMB 101972	30	0	0.0	G	17	0.28	A	15	0.25	1	0.03
ICMB 101973	30	0	0.0	G	20	0.33	A	18	0.3	0	0.0
ICMB 101974	30	0	0.0	C	10	0.17	A	8	0.13	0	0.0
ICMB 101975	30	0	0.0	G	18	0.3	C	16	0.27	2	0.07
ICMB 101980	30	0	0.0	T	22	0.37	G	18	0.3	0	0.0
ICMB 101981	30	0	0.0	G	17	0.28	C	15	0.25	8	0.27
ICMB 101982	30	0	0.0	G	16	0.27	A	15	0.25	6	0.2
ICMB 101986	30	0	0.0	A	18	0.3	C	18	0.3	0	0.0
ICMB 101987	30	0	0.0	A	18	0.3	T	16	0.27	0	0.0
ICMB 101988	30	0	0.0	G	20	0.33	C	14	0.23	0	0.0
ICMB 101989	30	0	0.0	A	18	0.3	G	16	0.27	1	0.03
ICMB 101990	30	0	0.0	A	20	0.33	G	15	0.25	2	0.07
ICMB 101991	30	0	0.0	G	16	0.27	A	16	0.27	0	0.0
ICMB 101992	30	0	0.0	C	19	0.32	A	18	0.3	2	0.07
ICMB 101993	30	0	0.0	T	19	0.32	A	19	0.32	2	0.07
ICMB 101994	30	0	0.0	A	20	0.33	C	16	0.27	1	0.03
ICMB 10222	30	0	0.0	A	22	0.37	T	13	0.22	1	0.03
ICMB 10777	30	0	0.0	A	22	0.37	T	17	0.28	1	0.03
ICMB 11222	30	0	0.0	G	16	0.27	C	16	0.27	0	0.0
ICMB 13777	30	0	0.0	A	20	0.33	G	16	0.27	0	0.0
ICMB 14222	30	0	0.0	G	18	0.3	A	16	0.27	0	0.0
ICMB 1502	30	0	0.0	G	20	0.33	T	16	0.27	0	0.0
ICMB 15666	30	0	0.0	G	18	0.3	A	18	0.3	0	0.0
ICMB 15777	30	0	0.0	C	18	0.3	G	18	0.3	0	0.0
ICMB 1608	30	0	0.0	G	19	0.32	A	16	0.27	1	0.03
ICMB 16222	30	0	0.0	A	22	0.37	C	14	0.23	0	0.0
ICMB 16444	30	0	0.0	A	22	0.37	C	14	0.23	0	0.0
ICMB 16666	30	0	0.0	G	20	0.33	C	14	0.23	0	0.0
ICMB 17555	30	0	0.0	G	17	0.28	C	16	0.27	1	0.03
ICMB 18111	30	0	0.0	G	22	0.37	A	18	0.3	0	0.0
ICMB 18333	30	0	0.0	A	21	0.35	T	18	0.3	2	0.07
ICMB 18444	30	0	0.0	A	20	0.33	T	17	0.28	1	0.03
ICMB 18666	30	0	0.0	G	22	0.37	C	16	0.27	0	0.0
ICMR 06222	30	0	0.0	G	20	0.33	T	16	0.27	0	0.0
ICMR 08111	30	0	0.0	A	22	0.37	C	16	0.27	0	0.0
ICMR 08222	30	0	0.0	G	20	0.33	T	18	0.3	0	0.0
ICMR 09888	30	0	0.0	T	15	0.25	A	10	0.17	1	0.03
ICMR 100187	30	0	0.0	A	22	0.37	C	16	0.27	0	0.0
ICMR 100294	30	0	0.0	A	18	0.3	C	16	0.27	0	0.0
ICMR 100437	30	0	0.0	G	20	0.33	A	18	0.3	0	0.0
ICMR 100458	30	0	0.0	G	24	0.4	A	14	0.23	2	0.07
ICMR 100487	30	0	0.0	C	18	0.3	T	16	0.27	0	0.0
ICMR 100499	30	0	0.0	A	22	0.37	T	12	0.2	0	0.0
ICMR 100505	30	0	0.0	G	18	0.3	T	18	0.3	4	0.13
ICMR 100509	30	0	0.0	A	18	0.3	C	15	0.25	1	0.03
ICMR 100511	30	0	0.0	C	18	0.3	T	16	0.27	2	0.07
ICMR 100540	30	0	0.0	T	20	0.33	C	16	0.27	1	0.03
ICMR 100931	30	0	0.0	G	19	0.32	T	17	0.28	1	0.03
ICMR 101049	30	0	0.0	G	18	0.3	A	16	0.27	0	0.0
ICMR 101087	30	0	0.0	A	22	0.37	T	18	0.3	0	0.0
ICMR 101140	30	0	0.0	A	18	0.3	C	14	0.23	4	0.13
ICMR 101415	30	0	0.0	T	18	0.3	G	18	0.3	0	0.0
ICMR 101699	30	0	0.0	G	22	0.37	A	18	0.3	0	0.0
ICMR 101707	30	0	0.0	A	17	0.28	G	17	0.28	1	0.03
ICMR 101728	30	0	0.0	C	18	0.3	T	16	0.27	0	0.0
ICMR 101742	30	0	0.0	A	18	0.3	T	14	0.23	1	0.03
ICMR 101779	30	0	0.0	G	19	0.32	C	14	0.23	1	0.03
ICMR 101788	30	0	0.0	A	18	0.3	G	14	0.23	7	0.23
ICMR 101989	30	0	0.0	C	22	0.37	G	17	0.28	1	0.03
ICMR 102003	30	0	0.0	C	18	0.3	A	16	0.27	0	0.0
ICMR 102004	30	0	0.0	A	24	0.4	T	14	0.23	0	0.0
ICMR 102061	30	0	0.0	T	14	0.23	C	13	0.22	1	0.03
ICMR 102122	30	0	0.0	G	17	0.28	C	16	0.27	1	0.03
ICMR 102124	30	0	0.0	G	22	0.37	T	20	0.33	0	0.0
ICMR 102180	30	0	0.0	G	20	0.33	T	16	0.27	0	0.0
ICMR 102289	30	0	0.0	A	17	0.28	G	16	0.27	4	0.13
ICMR 102337	30	0	0.0	A	16	0.27	G	15	0.25	1	0.03
ICMR 102339	30	0	0.0	G	17	0.28	T	16	0.27	1	0.03
ICMR 102354	30	0	0.0	A	20	0.33	G	14	0.23	0	0.0
ICMR 102386	30	0	0.0	T	18	0.3	A	16	0.27	0	0.0
ICMR 102387	30	0	0.0	A	16	0.27	C	16	0.27	0	0.0
ICMR 102389	30	0	0.0	G	22	0.37	T	20	0.33	0	0.0
ICMR 102434	30	0	0.0	T	20	0.33	C	15	0.25	2	0.07
ICMR 102436	30	0	0.0	G	19	0.32	T	15	0.25	1	0.03
ICMR 102441	30	0	0.0	A	16	0.27	C	16	0.27	0	0.0
ICMR 102451	30	0	0.0	G	20	0.33	T	16	0.27	0	0.0
ICMR 102454	30	0	0.0	A	25	0.42	T	12	0.2	1	0.03
ICMR 102549	30	0	0.0	A	20	0.33	G	14	0.23	0	0.0
ICMR 102621	30	0	0.0	T	14	0.23	A	12	0.2	0	0.0
ICMR 102622	30	0	0.0	A	20	0.33	C	16	0.27	0	0.0
ICMR 102623	30	0	0.0	T	18	0.3	G	18	0.3	0	0.0
ICMR 102624	30	0	0.0	G	24	0.4	T	14	0.23	0	0.0
ICMR 10888	30	0	0.0	T	22	0.37	A	16	0.27	0	0.0
ICMR 11003	30	0	0.0	T	19	0.32	A	16	0.27	1	0.03
ICMR 12111	30	0	0.0	A	10	0.17	T	10	0.17	0	0.0
ICMR 12222	30	0	0.0	T	20	0.33	G	14	0.23	0	0.0
ICMR 12888	30	0	0.0	G	18	0.3	T	17	0.28	2	0.07
ICMR 13999	30	0	0.0	G	25	0.42	T	15	0.25	1	0.03
ICMR 14222	30	0	0.0	T	13	0.22	G	13	0.22	12	0.4
ICMR 15666	30	0	0.0	G	19	0.32	C	16	0.27	1	0.03
ICMR 15999	30	0	0.0	A	10	0.17	C	8	0.13	0	0.0
ICMR 16444	30	0	0.0	T	18	0.3	A	16	0.27	0	0.0
ICMR 17222	30	0	0.0	G	20	0.33	A	18	0.3	0	0.0
ICMR 1804	30	0	0.0	T	18	0.3	G	16	0.27	0	0.0
ICMR 18777	30	0	0.0	A	20	0.33	G	14	0.23	0	0.0
ICMR 1905	30	0	0.0	A	18	0.3	G	14	0.23	0	0.0
ICMR 19777	30	0	0.0	C	24	0.4	A	17	0.28	1	0.03
ICMR 19888	30	0	0.0	A	18	0.3	G	14	0.23	0	0.0
