marker_name	total_samples	missing_count	missing_percentage	major_allele	major_allele_count	major_allale_freq	minor_allele	minor_allele_count	minor_allale_freq	het_count	het_propotion	PIC
snpPG00048	121	0	0.0	A	121	0.5	G	113	0.47	1	0.01	0.42
snpPG00051	121	0	0.0	C	114	0.47	T	114	0.47	2	0.02	0.46
snpPG00055	121	0	0.0	G	134	0.55	A	96	0.4	4	0.03	0.44
snpPG00076	121	0	0.0	T	148	0.61	A	84	0.35	2	0.02	0.41
snpPG00078	121	0	0.0	G	119	0.49	A	115	0.48	3	0.02	0.42
snpPG00084	121	0	0.0	T	137	0.57	C	93	0.38	1	0.01	0.44
snpPG00087	121	0	0.0	C	146	0.6	T	82	0.34	2	0.02	0.44
snpPG00092	121	0	0.0	G	146	0.6	T	88	0.36	26	0.21	0.42
snpPG00100	121	0	0.0	A	154	0.64	G	68	0.28	2	0.02	0.45
snpPG00101	121	0	0.0	C	125	0.52	G	113	0.47	7	0.06	0.39
snpPG00107	121	0	0.0	T	148	0.61	C	84	0.35	2	0.02	0.41
snpPG00110	121	0	0.0	A	158	0.65	C	78	0.32	6	0.05	0.39
snpPG00111	121	0	0.0	G	179	0.74	A	55	0.23	5	0.04	0.34
snpPG00112	121	0	0.0	A	140	0.58	G	94	0.39	4	0.03	0.41
snpPG00117	121	0	0.0	G	175	0.72	T	51	0.21	1	0.01	0.39
snpPG00118	121	0	0.0	G	117	0.48	A	115	0.48	3	0.02	0.43
snpPG00119	121	0	0.0	A	204	0.84	G	32	0.13	12	0.1	0.25
snpPG00121	121	0	0.0	G	116	0.48	A	114	0.47	2	0.02	0.45
snpPG00122	121	0	0.0	G	138	0.57	A	88	0.36	4	0.03	0.46
snpPG00126	121	0	0.0	C	171	0.71	G	59	0.24	1	0.01	0.38
snpPG00127	121	0	0.0	T	140	0.58	C	98	0.4	0	0.0	0.4
snpPG00129	121	0	0.0	C	135	0.56	A	93	0.38	1	0.01	0.45
snpPG00133	121	0	0.0	A	116	0.48	T	112	0.46	2	0.02	0.46
snpPG00134	121	0	0.0	T	171	0.71	C	63	0.26	1	0.01	0.36
snpPG00135	121	0	0.0	T	141	0.58	G	89	0.37	1	0.01	0.43
snpPG00136	121	0	0.0	A	163	0.67	C	61	0.25	1	0.01	0.43
snpPG00137	121	0	0.0	C	140	0.58	G	90	0.37	4	0.03	0.43
snpPG00140	121	0	0.0	T	150	0.62	C	80	0.33	2	0.02	0.42
snpPG00142	121	0	0.0	T	132	0.55	C	100	0.41	6	0.05	0.43
snpPG00143	121	0	0.0	A	156	0.64	G	72	0.3	4	0.03	0.43
