marker_name	total_samples	missing_count	missing_percentage	major_allele	major_allele_count	major_allale_freq	minor_allele	minor_allele_count	minor_allale_freq	het_count	het_propotion	PIC
snpPG00048	2187	2	0.09	G	1580	0.36	A	1418	0.32	26	0.01	0.74
snpPG00051	2187	7	0.32	C	2387	0.55	T	1973	0.45	365	0.17	0.37
snpPG00055	2187	18	0.82	G	1749	0.4	A	1217	0.28	55	0.03	0.74
snpPG00076	2187	35	1.6	T	2756	0.64	A	1548	0.36	302	0.14	0.35
snpPG00078	2187	17	0.78	A	2293	0.53	G	2047	0.47	315	0.15	0.37
snpPG00084	2187	3	0.14	T	1843	0.42	C	1153	0.26	35	0.02	0.73
snpPG00087	2187	19	0.87	C	1736	0.4	T	1228	0.28	34	0.02	0.74
snpPG00092	2187	2	0.09	G	1893	0.43	T	1105	0.25	309	0.14	0.73
snpPG00100	2187	53	2.42	A	1886	0.44	G	1010	0.24	46	0.02	0.73
snpPG00101	2187	36	1.65	C	2420	0.56	G	1882	0.44	348	0.16	0.37
snpPG00107	2187	11	0.5	T	2655	0.61	C	1697	0.39	345	0.16	0.36
snpPG00110	2187	8	0.37	A	2018	0.46	C	968	0.22	60	0.03	0.72
snpPG00111	2187	10	0.46	G	2091	0.48	A	891	0.2	83	0.04	0.71
snpPG00112	2187	8	0.37	A	1740	0.4	G	1246	0.29	62	0.03	0.73
snpPG00117	2187	14	0.64	G	1933	0.44	T	1041	0.24	53	0.02	0.73
snpPG00118	2187	12	0.55	G	1638	0.38	A	1340	0.31	26	0.01	0.73
snpPG00119	2187	8	0.37	A	2554	0.59	G	432	0.1	116	0.05	0.63
snpPG00121	2187	9	0.41	G	1515	0.35	A	1469	0.34	63	0.03	0.73
snpPG00122	2187	3	0.14	G	1599	0.37	A	1397	0.32	77	0.04	0.73
snpPG00126	2187	21	0.96	C	2933	0.68	G	1399	0.32	327	0.15	0.34
snpPG00127	2187	38	1.74	C	2200	0.51	T	2098	0.49	38	0.02	0.37
snpPG00129	2187	6	0.27	C	1758	0.4	A	1232	0.28	40	0.02	0.74
snpPG00133	2187	6	0.27	T	1670	0.38	A	1320	0.3	44	0.02	0.74
snpPG00134	2187	3	0.14	T	1843	0.42	C	1153	0.26	35	0.02	0.73
snpPG00135	2187	100	4.57	T	2366	0.57	G	1808	0.43	324	0.16	0.37
snpPG00136	2187	15	0.69	A	2088	0.48	C	884	0.2	40	0.02	0.71
snpPG00137	2187	7	0.32	C	1917	0.44	G	1071	0.25	63	0.03	0.72
snpPG00140	2187	8	0.37	T	1775	0.41	C	1211	0.28	43	0.02	0.73
snpPG00142	2187	63	2.88	T	2364	0.56	C	1884	0.44	276	0.13	0.37
snpPG00143	2187	151	6.9	A	2300	0.56	G	1772	0.44	106	0.05	0.37
